gameId,teamAbbrev,firstName,lastName,period,startTime,endTime,shiftNumber,eventDescription,eventDetails,typeCode,teamId,hexValue,detailCode,playerId,teamName,id,teamAbbrev,eventNumber,duration
2015020699,NSH,Mike,Fisher,1,01:16,02:10,1,,,517,18,#FCB514,0,8467370,Nashville Predators,5661545,NSH,152,00:54
2015020699,NSH,Mike,Fisher,1,04:16,05:03,2,,,517,18,#FCB514,0,8467370,Nashville Predators,5661546,NSH,160,00:47
2015020699,NSH,Mike,Fisher,1,07:04,07:36,3,,,517,18,#FCB514,0,8467370,Nashville Predators,5661547,NSH,170,00:32
2015020699,NSH,Mike,Fisher,1,10:24,11:16,4,,,517,18,#FCB514,0,8467370,Nashville Predators,5661548,NSH,178,00:52
2015020699,NSH,Mike,Fisher,1,12:26,12:54,5,,,517,18,#FCB514,0,8467370,Nashville Predators,5661549,NSH,187,00:28
2015020699,NSH,Mike,Fisher,1,13:25,14:29,6,,,517,18,#FCB514,0,8467370,Nashville Predators,5661550,NSH,189,01:04
2015020699,NSH,Mike,Fisher,1,17:24,18:12,7,,,517,18,#FCB514,0,8467370,Nashville Predators,5661551,NSH,200,00:48
2015020699,NSH,Mike,Fisher,2,02:16,03:06,8,,,517,18,#FCB514,0,8467370,Nashville Predators,5661552,NSH,215,00:50
2015020699,NSH,Mike,Fisher,2,05:04,05:38,9,,,517,18,#FCB514,0,8467370,Nashville Predators,5661553,NSH,223,00:34
2015020699,NSH,Mike,Fisher,2,08:11,09:15,10,,,517,18,#FCB514,0,8467370,Nashville Predators,5661554,NSH,233,01:04
2015020699,NSH,Mike,Fisher,2,12:41,13:18,11,,,517,18,#FCB514,0,8467370,Nashville Predators,5661555,NSH,247,00:37
2015020699,NSH,Mike,Fisher,2,16:28,16:33,12,,,517,18,#FCB514,0,8467370,Nashville Predators,5661556,NSH,460,00:05
2015020699,NSH,Mike,Fisher,2,17:05,18:04,13,,,517,18,#FCB514,0,8467370,Nashville Predators,5661557,NSH,462,00:59
2015020699,NSH,Mike,Fisher,3,00:33,01:39,14,,,517,18,#FCB514,0,8467370,Nashville Predators,5662896,NSH,474,01:06
2015020699,NSH,Mike,Fisher,3,03:01,04:19,15,,,517,18,#FCB514,0,8467370,Nashville Predators,5662897,NSH,482,01:18
2015020699,NSH,Mike,Fisher,3,05:29,06:36,16,,,517,18,#FCB514,0,8467370,Nashville Predators,5662898,NSH,488,01:07
2015020699,NSH,Mike,Fisher,3,07:48,08:26,17,,,517,18,#FCB514,0,8467370,Nashville Predators,5662899,NSH,493,00:38
2015020699,NSH,Mike,Fisher,3,09:15,09:50,18,,,517,18,#FCB514,0,8467370,Nashville Predators,5662900,NSH,498,00:35
2015020699,NSH,Mike,Fisher,3,13:02,13:40,19,,,517,18,#FCB514,0,8467370,Nashville Predators,5662901,NSH,609,00:38
2015020699,NSH,Mike,Fisher,3,15:13,15:56,20,,,517,18,#FCB514,0,8467370,Nashville Predators,5662902,NSH,617,00:43
2015020699,NSH,Mike,Fisher,3,17:28,17:59,21,,,517,18,#FCB514,0,8467370,Nashville Predators,5662903,NSH,626,00:31
2015020699,NSH,Mike,Fisher,3,18:08,18:33,22,,,517,18,#FCB514,0,8467370,Nashville Predators,5662904,NSH,631,00:25
2015020699,NSH,Mike,Ribeiro,1,00:35,01:16,1,,,517,18,#FCB514,0,8467371,Nashville Predators,5661558,NSH,151,00:41
2015020699,NSH,Mike,Ribeiro,1,03:43,04:16,2,,,517,18,#FCB514,0,8467371,Nashville Predators,5661559,NSH,159,00:33
2015020699,NSH,Mike,Ribeiro,1,06:00,06:31,3,,,517,18,#FCB514,0,8467371,Nashville Predators,5661560,NSH,166,00:31
2015020699,NSH,Mike,Ribeiro,1,08:35,09:29,4,,,517,18,#FCB514,0,8467371,Nashville Predators,5661561,NSH,175,00:54
2015020699,NSH,Mike,Ribeiro,1,11:50,12:26,5,,,517,18,#FCB514,0,8467371,Nashville Predators,5661562,NSH,185,00:36
2015020699,NSH,Mike,Ribeiro,1,14:29,15:18,6,,,517,18,#FCB514,0,8467371,Nashville Predators,5661563,NSH,191,00:49
2015020699,NSH,Mike,Ribeiro,1,16:28,16:39,7,,,517,18,#FCB514,0,8467371,Nashville Predators,5661564,NSH,196,00:11
2015020699,NSH,Mike,Ribeiro,1,18:12,18:24,8,,,517,18,#FCB514,0,8467371,Nashville Predators,5661565,NSH,203,00:12
2015020699,NSH,Mike,Ribeiro,1,18:59,20:00,9,,,517,18,#FCB514,0,8467371,Nashville Predators,5661566,NSH,207,01:01
2015020699,NSH,Mike,Ribeiro,2,02:29,03:06,10,,,517,18,#FCB514,0,8467371,Nashville Predators,5661567,NSH,216,00:37
2015020699,NSH,Mike,Ribeiro,2,04:07,04:17,11,,,517,18,#FCB514,0,8467371,Nashville Predators,5661568,NSH,219,00:10
2015020699,NSH,Mike,Ribeiro,2,04:42,05:04,12,,,517,18,#FCB514,0,8467371,Nashville Predators,5661569,NSH,221,00:22
2015020699,NSH,Mike,Ribeiro,2,06:47,08:11,13,,,517,18,#FCB514,0,8467371,Nashville Predators,5661570,NSH,229,01:24
2015020699,NSH,Mike,Ribeiro,2,15:39,16:28,14,,,517,18,#FCB514,0,8467371,Nashville Predators,5661571,NSH,457,00:49
2015020699,NSH,Mike,Ribeiro,2,17:25,18:41,15,,,517,18,#FCB514,0,8467371,Nashville Predators,5661572,NSH,464,01:16
2015020699,NSH,Mike,Ribeiro,3,01:39,02:19,16,,,517,18,#FCB514,0,8467371,Nashville Predators,5662905,NSH,477,00:40
2015020699,NSH,Mike,Ribeiro,3,04:19,05:29,17,,,517,18,#FCB514,0,8467371,Nashville Predators,5662906,NSH,486,01:10
2015020699,NSH,Mike,Ribeiro,3,10:43,11:11,18,,,517,18,#FCB514,0,8467371,Nashville Predators,5662907,NSH,602,00:28
2015020699,NSH,Mike,Ribeiro,3,12:05,13:02,19,,,517,18,#FCB514,0,8467371,Nashville Predators,5662908,NSH,605,00:57
2015020699,NSH,Mike,Ribeiro,3,15:03,15:55,20,,,517,18,#FCB514,0,8467371,Nashville Predators,5662909,NSH,615,00:52
2015020699,NSH,Barret,Jackman,1,01:45,02:42,1,,,517,18,#FCB514,0,8467890,Nashville Predators,5661573,NSH,155,00:57
2015020699,NSH,Barret,Jackman,1,04:16,05:09,2,,,517,18,#FCB514,0,8467890,Nashville Predators,5661574,NSH,160,00:53
2015020699,NSH,Barret,Jackman,1,09:29,10:24,3,,,517,18,#FCB514,0,8467890,Nashville Predators,5661575,NSH,177,00:55
2015020699,NSH,Barret,Jackman,1,14:29,15:33,4,,,517,18,#FCB514,0,8467890,Nashville Predators,5661576,NSH,191,01:04
2015020699,NSH,Barret,Jackman,1,16:48,17:47,5,,,517,18,#FCB514,0,8467890,Nashville Predators,5661577,NSH,198,00:59
2015020699,NSH,Barret,Jackman,1,18:59,19:07,6,,,517,18,#FCB514,0,8467890,Nashville Predators,5661578,NSH,207,00:08
2015020699,NSH,Barret,Jackman,2,04:07,04:57,7,,,517,18,#FCB514,0,8467890,Nashville Predators,5661579,NSH,219,00:50
2015020699,NSH,Barret,Jackman,2,06:47,07:08,8,,,517,18,#FCB514,0,8467890,Nashville Predators,5661580,NSH,229,00:21
2015020699,NSH,Barret,Jackman,2,10:32,11:29,9,,,517,18,#FCB514,0,8467890,Nashville Predators,5661581,NSH,240,00:57
2015020699,NSH,Barret,Jackman,2,14:10,14:40,10,,,517,18,#FCB514,0,8467890,Nashville Predators,5661582,NSH,453,00:30
2015020699,NSH,Barret,Jackman,2,17:13,18:50,11,,,517,18,#FCB514,0,8467890,Nashville Predators,5661583,NSH,463,01:37
2015020699,NSH,Barret,Jackman,3,01:42,02:19,12,,,517,18,#FCB514,0,8467890,Nashville Predators,5662910,NSH,478,00:37
2015020699,NSH,Barret,Jackman,3,08:26,08:30,13,,,517,18,#FCB514,0,8467890,Nashville Predators,5662911,NSH,496,00:04
2015020699,NSH,Barret,Jackman,3,10:30,10:43,14,,,517,18,#FCB514,0,8467890,Nashville Predators,5662912,NSH,601,00:13
2015020699,NSH,Barret,Jackman,3,11:47,12:38,15,,,517,18,#FCB514,0,8467890,Nashville Predators,5662913,NSH,604,00:51
2015020699,NSH,Barret,Jackman,3,14:55,15:13,16,,,517,18,#FCB514,0,8467890,Nashville Predators,5662914,NSH,614,00:18
2015020699,NSH,Barret,Jackman,3,16:35,17:28,17,,,517,18,#FCB514,0,8467890,Nashville Predators,5662915,NSH,623,00:53
2015020699,NSH,Barret,Jackman,3,19:35,20:00,18,,,517,18,#FCB514,0,8467890,Nashville Predators,5662916,NSH,635,00:25
2015020699,NSH,Paul,Gaustad,1,02:10,02:47,1,,,517,18,#FCB514,0,8468700,Nashville Predators,5661584,NSH,156,00:37
2015020699,NSH,Paul,Gaustad,1,07:36,08:00,2,,,517,18,#FCB514,0,8468700,Nashville Predators,5661585,NSH,171,00:24
2015020699,NSH,Paul,Gaustad,1,12:54,13:25,3,,,517,18,#FCB514,0,8468700,Nashville Predators,5661586,NSH,188,00:31
2015020699,NSH,Paul,Gaustad,1,16:07,16:28,4,,,517,18,#FCB514,0,8468700,Nashville Predators,5661587,NSH,194,00:21
2015020699,NSH,Paul,Gaustad,1,16:39,17:24,5,,,517,18,#FCB514,0,8468700,Nashville Predators,5661588,NSH,197,00:45
2015020699,NSH,Paul,Gaustad,2,00:36,02:16,6,,,517,18,#FCB514,0,8468700,Nashville Predators,5661589,NSH,212,01:40
2015020699,NSH,Paul,Gaustad,2,04:17,04:42,7,,,517,18,#FCB514,0,8468700,Nashville Predators,5661590,NSH,220,00:25
2015020699,NSH,Paul,Gaustad,2,06:03,06:47,8,,,517,18,#FCB514,0,8468700,Nashville Predators,5661591,NSH,226,00:44
2015020699,NSH,Paul,Gaustad,2,11:29,12:10,9,,,517,18,#FCB514,0,8468700,Nashville Predators,5661592,NSH,243,00:41
2015020699,NSH,Paul,Gaustad,2,14:10,14:40,10,,,517,18,#FCB514,0,8468700,Nashville Predators,5661593,NSH,453,00:30
2015020699,NSH,Paul,Gaustad,2,16:33,17:05,11,,,517,18,#FCB514,0,8468700,Nashville Predators,5661594,NSH,461,00:32
2015020699,NSH,Paul,Gaustad,2,19:08,20:00,12,,,517,18,#FCB514,0,8468700,Nashville Predators,5661595,NSH,470,00:52
2015020699,NSH,Paul,Gaustad,3,02:36,03:01,13,,,517,18,#FCB514,0,8468700,Nashville Predators,5662917,NSH,481,00:25
2015020699,NSH,Paul,Gaustad,3,06:36,06:57,14,,,517,18,#FCB514,0,8468700,Nashville Predators,5662918,NSH,489,00:21
2015020699,NSH,Paul,Gaustad,3,07:03,07:48,15,,,517,18,#FCB514,0,8468700,Nashville Predators,5662919,NSH,491,00:45
2015020699,NSH,Paul,Gaustad,3,08:26,08:30,16,,,517,18,#FCB514,0,8468700,Nashville Predators,5662920,NSH,496,00:04
2015020699,NSH,Paul,Gaustad,3,09:50,10:17,17,,,517,18,#FCB514,0,8468700,Nashville Predators,5662921,NSH,499,00:27
2015020699,NSH,Paul,Gaustad,3,13:40,14:21,18,,,517,18,#FCB514,0,8468700,Nashville Predators,5662922,NSH,610,00:41
2015020699,NSH,Paul,Gaustad,3,15:56,16:02,19,,,517,18,#FCB514,0,8468700,Nashville Predators,5662923,NSH,621,00:06
2015020699,NSH,Paul,Gaustad,3,16:48,17:28,20,,,517,18,#FCB514,0,8468700,Nashville Predators,5662924,NSH,624,00:40
2015020699,NSH,Paul,Gaustad,3,17:59,18:05,21,,,517,18,#FCB514,0,8468700,Nashville Predators,5662925,NSH,629,00:06
2015020699,NSH,Paul,Gaustad,3,18:08,19:00,22,,,517,18,#FCB514,0,8468700,Nashville Predators,5662926,NSH,631,00:52
2015020699,NSH,Paul,Gaustad,3,19:46,20:00,23,,,517,18,#FCB514,0,8468700,Nashville Predators,5662927,NSH,636,00:14
2015020699,WPG,Chris,Thorburn,1,01:15,02:01,1,,,517,52,#002654,0,8469501,Winnipeg Jets,5661596,WPG,102,00:46
2015020699,WPG,Chris,Thorburn,1,04:16,04:58,2,,,517,52,#002654,0,8469501,Winnipeg Jets,5661597,WPG,109,00:42
2015020699,WPG,Chris,Thorburn,1,08:53,09:34,3,,,517,52,#002654,0,8469501,Winnipeg Jets,5661598,WPG,119,00:41
2015020699,WPG,Chris,Thorburn,1,15:17,16:16,4,,,517,52,#002654,0,8469501,Winnipeg Jets,5661599,WPG,136,00:59
2015020699,WPG,Chris,Thorburn,1,19:15,20:00,5,,,517,52,#002654,0,8469501,Winnipeg Jets,5661600,WPG,301,00:45
2015020699,WPG,Chris,Thorburn,2,01:28,02:16,6,,,517,52,#002654,0,8469501,Winnipeg Jets,5661601,WPG,305,00:48
2015020699,WPG,Chris,Thorburn,2,05:04,05:38,7,,,517,52,#002654,0,8469501,Winnipeg Jets,5661602,WPG,315,00:34
2015020699,WPG,Chris,Thorburn,2,07:03,07:08,8,,,517,52,#002654,0,8469501,Winnipeg Jets,5661603,WPG,318,00:05
2015020699,WPG,Chris,Thorburn,2,09:08,09:46,9,,,517,52,#002654,0,8469501,Winnipeg Jets,5661604,WPG,323,00:38
2015020699,WPG,Chris,Thorburn,2,10:41,11:13,10,,,517,52,#002654,0,8469501,Winnipeg Jets,5661605,WPG,329,00:32
2015020699,WPG,Chris,Thorburn,2,14:36,14:40,11,,,517,52,#002654,0,8469501,Winnipeg Jets,5661606,WPG,339,00:04
2015020699,WPG,Chris,Thorburn,2,15:33,16:30,12,,,517,52,#002654,0,8469501,Winnipeg Jets,5661607,WPG,341,00:57
2015020699,WPG,Chris,Thorburn,3,01:31,02:17,13,,,517,52,#002654,0,8469501,Winnipeg Jets,5662928,WPG,560,00:46
2015020699,WPG,Chris,Thorburn,3,04:34,05:27,14,,,517,52,#002654,0,8469501,Winnipeg Jets,5662929,WPG,568,00:53
2015020699,WPG,Chris,Thorburn,3,07:37,08:15,15,,,517,52,#002654,0,8469501,Winnipeg Jets,5662930,WPG,579,00:38
2015020699,WPG,Chris,Thorburn,3,11:11,12:22,16,,,517,52,#002654,0,8469501,Winnipeg Jets,5662931,WPG,589,01:11
2015020699,WPG,Chris,Thorburn,3,14:08,15:13,17,,,517,52,#002654,0,8469501,Winnipeg Jets,5662932,WPG,594,01:05
2015020699,WPG,Chris,Thorburn,3,16:36,17:49,18,,,517,52,#002654,0,8469501,Winnipeg Jets,5662933,WPG,651,01:13
2015020699,WPG,Chris,Thorburn,3,18:33,19:10,19,,,517,52,#002654,0,8469501,Winnipeg Jets,5662934,WPG,658,00:37
2015020699,NSH,Eric,Nystrom,1,02:10,02:47,1,,,517,18,#FCB514,0,8470180,Nashville Predators,5661608,NSH,156,00:37
2015020699,NSH,Eric,Nystrom,1,07:04,07:44,2,,,517,18,#FCB514,0,8470180,Nashville Predators,5661609,NSH,170,00:40
2015020699,NSH,Eric,Nystrom,1,11:11,11:16,3,,,517,18,#FCB514,0,8470180,Nashville Predators,5661610,NSH,182,00:05
2015020699,NSH,Eric,Nystrom,1,12:26,12:54,4,,,517,18,#FCB514,0,8470180,Nashville Predators,5661611,NSH,187,00:28
2015020699,NSH,Eric,Nystrom,1,13:25,14:29,5,,,517,18,#FCB514,0,8470180,Nashville Predators,5661612,NSH,189,01:04
2015020699,NSH,Eric,Nystrom,1,16:07,16:28,6,,,517,18,#FCB514,0,8470180,Nashville Predators,5661613,NSH,194,00:21
2015020699,NSH,Eric,Nystrom,1,16:39,17:29,7,,,517,18,#FCB514,0,8470180,Nashville Predators,5661614,NSH,197,00:50
2015020699,NSH,Eric,Nystrom,2,00:36,01:15,8,,,517,18,#FCB514,0,8470180,Nashville Predators,5661615,NSH,212,00:39
2015020699,NSH,Eric,Nystrom,2,04:17,04:42,9,,,517,18,#FCB514,0,8470180,Nashville Predators,5661616,NSH,220,00:25
2015020699,NSH,Eric,Nystrom,2,06:03,06:40,10,,,517,18,#FCB514,0,8470180,Nashville Predators,5661617,NSH,226,00:37
2015020699,NSH,Eric,Nystrom,2,09:42,10:32,11,,,517,18,#FCB514,0,8470180,Nashville Predators,5661618,NSH,239,00:50
2015020699,NSH,Eric,Nystrom,2,11:17,12:01,12,,,517,18,#FCB514,0,8470180,Nashville Predators,5661619,NSH,242,00:44
2015020699,NSH,Eric,Nystrom,2,12:41,13:25,13,,,517,18,#FCB514,0,8470180,Nashville Predators,5661620,NSH,247,00:44
2015020699,NSH,Eric,Nystrom,2,16:33,17:05,14,,,517,18,#FCB514,0,8470180,Nashville Predators,5661621,NSH,461,00:32
2015020699,NSH,Eric,Nystrom,2,19:08,19:52,15,,,517,18,#FCB514,0,8470180,Nashville Predators,5661622,NSH,470,00:44
2015020699,NSH,Eric,Nystrom,3,02:15,02:19,16,,,517,18,#FCB514,0,8470180,Nashville Predators,5662935,NSH,479,00:04
2015020699,NSH,Eric,Nystrom,3,02:36,03:24,17,,,517,18,#FCB514,0,8470180,Nashville Predators,5662936,NSH,481,00:48
2015020699,NSH,Eric,Nystrom,3,06:36,06:57,18,,,517,18,#FCB514,0,8470180,Nashville Predators,5662937,NSH,489,00:21
2015020699,NSH,Eric,Nystrom,3,08:26,08:30,19,,,517,18,#FCB514,0,8470180,Nashville Predators,5662938,NSH,496,00:04
2015020699,NSH,Eric,Nystrom,3,09:15,09:50,20,,,517,18,#FCB514,0,8470180,Nashville Predators,5662939,NSH,498,00:35
2015020699,NSH,Eric,Nystrom,3,13:40,14:21,21,,,517,18,#FCB514,0,8470180,Nashville Predators,5662940,NSH,610,00:41
2015020699,NSH,Eric,Nystrom,3,15:56,16:02,22,,,517,18,#FCB514,0,8470180,Nashville Predators,5662941,NSH,621,00:06
2015020699,NSH,Eric,Nystrom,3,16:48,17:50,23,,,517,18,#FCB514,0,8470180,Nashville Predators,5662942,NSH,624,01:02
2015020699,NSH,Eric,Nystrom,3,18:33,19:10,24,,,517,18,#FCB514,0,8470180,Nashville Predators,5662943,NSH,632,00:37
2015020699,NSH,Eric,Nystrom,3,19:46,20:00,25,,,517,18,#FCB514,0,8470180,Nashville Predators,5662944,NSH,636,00:14
2015020699,WPG,Mark,Stuart,1,01:15,01:55,1,,,517,52,#002654,0,8470614,Winnipeg Jets,5661623,WPG,102,00:40
2015020699,WPG,Mark,Stuart,1,04:16,04:58,2,,,517,52,#002654,0,8470614,Winnipeg Jets,5661624,WPG,109,00:42
2015020699,WPG,Mark,Stuart,1,10:12,11:16,3,,,517,52,#002654,0,8470614,Winnipeg Jets,5661625,WPG,124,01:04
2015020699,WPG,Mark,Stuart,1,16:28,17:36,4,,,517,52,#002654,0,8470614,Winnipeg Jets,5661626,WPG,143,01:08
2015020699,WPG,Mark,Stuart,2,00:36,01:18,5,,,517,52,#002654,0,8470614,Winnipeg Jets,5661627,WPG,303,00:42
2015020699,WPG,Mark,Stuart,2,02:16,02:48,6,,,517,52,#002654,0,8470614,Winnipeg Jets,5661628,WPG,307,00:32
2015020699,WPG,Mark,Stuart,2,05:04,05:38,7,,,517,52,#002654,0,8470614,Winnipeg Jets,5661629,WPG,315,00:34
2015020699,WPG,Mark,Stuart,2,06:03,07:03,8,,,517,52,#002654,0,8470614,Winnipeg Jets,5661630,WPG,317,01:00
2015020699,WPG,Mark,Stuart,2,08:10,08:59,9,,,517,52,#002654,0,8470614,Winnipeg Jets,5661631,WPG,321,00:49
2015020699,WPG,Mark,Stuart,2,16:33,18:15,10,,,517,52,#002654,0,8470614,Winnipeg Jets,5661632,WPG,347,01:42
2015020699,WPG,Mark,Stuart,3,00:46,01:31,11,,,517,52,#002654,0,8470614,Winnipeg Jets,5662945,WPG,559,00:45
2015020699,WPG,Mark,Stuart,3,04:19,05:27,12,,,517,52,#002654,0,8470614,Winnipeg Jets,5662946,WPG,567,01:08
2015020699,WPG,Mark,Stuart,3,05:59,06:33,13,,,517,52,#002654,0,8470614,Winnipeg Jets,5662947,WPG,572,00:34
2015020699,WPG,Mark,Stuart,3,07:45,08:23,14,,,517,52,#002654,0,8470614,Winnipeg Jets,5662948,WPG,580,00:38
2015020699,WPG,Mark,Stuart,3,19:10,20:00,15,,,517,52,#002654,0,8470614,Winnipeg Jets,5662949,WPG,659,00:50
2015020699,NSH,Shea,Weber,1,00:00,00:35,1,,,517,18,#FCB514,0,8470642,Nashville Predators,5661633,NSH,4,00:35
2015020699,NSH,Shea,Weber,1,02:42,03:43,2,,,517,18,#FCB514,0,8470642,Nashville Predators,5661634,NSH,157,01:01
2015020699,NSH,Shea,Weber,1,05:09,06:13,3,,,517,18,#FCB514,0,8470642,Nashville Predators,5661635,NSH,164,01:04
2015020699,NSH,Shea,Weber,1,06:31,07:04,4,,,517,18,#FCB514,0,8470642,Nashville Predators,5661636,NSH,169,00:33
2015020699,NSH,Shea,Weber,1,07:44,08:46,5,,,517,18,#FCB514,0,8470642,Nashville Predators,5661637,NSH,172,01:02
2015020699,NSH,Shea,Weber,1,10:48,12:03,6,,,517,18,#FCB514,0,8470642,Nashville Predators,5661638,NSH,179,01:15
2015020699,NSH,Shea,Weber,1,12:26,12:54,7,,,517,18,#FCB514,0,8470642,Nashville Predators,5661639,NSH,187,00:28
2015020699,NSH,Shea,Weber,1,13:25,14:29,8,,,517,18,#FCB514,0,8470642,Nashville Predators,5661640,NSH,189,01:04
2015020699,NSH,Shea,Weber,1,16:28,16:48,9,,,517,18,#FCB514,0,8470642,Nashville Predators,5661641,NSH,196,00:20
2015020699,NSH,Shea,Weber,1,18:21,18:59,10,,,517,18,#FCB514,0,8470642,Nashville Predators,5661642,NSH,205,00:38
2015020699,NSH,Shea,Weber,1,19:51,20:00,11,,,517,18,#FCB514,0,8470642,Nashville Predators,5661643,NSH,210,00:09
2015020699,NSH,Shea,Weber,2,00:00,00:36,12,,,517,18,#FCB514,0,8470642,Nashville Predators,5661644,NSH,211,00:36
2015020699,NSH,Shea,Weber,2,02:16,03:06,13,,,517,18,#FCB514,0,8470642,Nashville Predators,5661645,NSH,215,00:50
2015020699,NSH,Shea,Weber,2,03:17,04:07,14,,,517,18,#FCB514,0,8470642,Nashville Predators,5661646,NSH,218,00:50
2015020699,NSH,Shea,Weber,2,05:38,06:15,15,,,517,18,#FCB514,0,8470642,Nashville Predators,5661647,NSH,224,00:37
2015020699,NSH,Shea,Weber,2,07:08,08:30,16,,,517,18,#FCB514,0,8470642,Nashville Predators,5661648,NSH,231,01:22
2015020699,NSH,Shea,Weber,2,09:15,10:32,17,,,517,18,#FCB514,0,8470642,Nashville Predators,5661649,NSH,238,01:17
2015020699,NSH,Shea,Weber,2,12:10,12:41,18,,,517,18,#FCB514,0,8470642,Nashville Predators,5661650,NSH,246,00:31
2015020699,NSH,Shea,Weber,2,13:57,15:39,19,,,517,18,#FCB514,0,8470642,Nashville Predators,5661651,NSH,452,01:42
2015020699,NSH,Shea,Weber,2,17:05,17:13,20,,,517,18,#FCB514,0,8470642,Nashville Predators,5661652,NSH,462,00:08
2015020699,NSH,Shea,Weber,2,18:50,20:00,21,,,517,18,#FCB514,0,8470642,Nashville Predators,5661653,NSH,468,01:10
2015020699,NSH,Shea,Weber,3,00:00,00:33,22,,,517,18,#FCB514,0,8470642,Nashville Predators,5662950,NSH,473,00:33
2015020699,NSH,Shea,Weber,3,02:19,03:34,23,,,517,18,#FCB514,0,8470642,Nashville Predators,5662951,NSH,480,01:15
2015020699,NSH,Shea,Weber,3,04:19,05:29,24,,,517,18,#FCB514,0,8470642,Nashville Predators,5662952,NSH,486,01:10
2015020699,NSH,Shea,Weber,3,06:36,07:53,25,,,517,18,#FCB514,0,8470642,Nashville Predators,5662953,NSH,489,01:17
2015020699,NSH,Shea,Weber,3,08:30,09:15,26,,,517,18,#FCB514,0,8470642,Nashville Predators,5662954,NSH,497,00:45
2015020699,NSH,Shea,Weber,3,09:50,10:43,27,,,517,18,#FCB514,0,8470642,Nashville Predators,5662955,NSH,499,00:53
2015020699,NSH,Shea,Weber,3,12:38,14:06,28,,,517,18,#FCB514,0,8470642,Nashville Predators,5662956,NSH,607,01:28
2015020699,NSH,Shea,Weber,3,15:13,15:39,29,,,517,18,#FCB514,0,8470642,Nashville Predators,5662957,NSH,617,00:26
2015020699,NSH,Shea,Weber,3,17:28,18:33,30,,,517,18,#FCB514,0,8470642,Nashville Predators,5662958,NSH,626,01:05
2015020699,WPG,Toby,Enstrom,1,00:00,00:35,1,,,517,52,#002654,0,8470828,Winnipeg Jets,5661654,WPG,3,00:35
2015020699,WPG,Toby,Enstrom,1,02:47,03:43,2,,,517,52,#002654,0,8470828,Winnipeg Jets,5661655,WPG,105,00:56
2015020699,WPG,Toby,Enstrom,1,04:58,05:54,3,,,517,52,#002654,0,8470828,Winnipeg Jets,5661656,WPG,110,00:56
2015020699,WPG,Toby,Enstrom,1,07:59,08:40,4,,,517,52,#002654,0,8470828,Winnipeg Jets,5661657,WPG,117,00:41
2015020699,WPG,Toby,Enstrom,1,09:43,10:12,5,,,517,52,#002654,0,8470828,Winnipeg Jets,5661658,WPG,123,00:29
2015020699,WPG,Toby,Enstrom,1,11:16,11:52,6,,,517,52,#002654,0,8470828,Winnipeg Jets,5661659,WPG,126,00:36
2015020699,WPG,Toby,Enstrom,1,12:26,13:37,7,,,517,52,#002654,0,8470828,Winnipeg Jets,5661660,WPG,130,01:11
2015020699,WPG,Toby,Enstrom,1,15:17,15:55,8,,,517,52,#002654,0,8470828,Winnipeg Jets,5661661,WPG,136,00:38
2015020699,WPG,Toby,Enstrom,1,18:24,19:15,9,,,517,52,#002654,0,8470828,Winnipeg Jets,5661662,WPG,150,00:51
2015020699,WPG,Toby,Enstrom,2,00:00,00:36,10,,,517,52,#002654,0,8470828,Winnipeg Jets,5661663,WPG,302,00:36
2015020699,WPG,Toby,Enstrom,2,03:03,03:59,11,,,517,52,#002654,0,8470828,Winnipeg Jets,5661664,WPG,310,00:56
2015020699,WPG,Toby,Enstrom,2,05:38,06:03,12,,,517,52,#002654,0,8470828,Winnipeg Jets,5661665,WPG,316,00:25
2015020699,WPG,Toby,Enstrom,2,09:33,10:41,13,,,517,52,#002654,0,8470828,Winnipeg Jets,5661666,WPG,325,01:08
2015020699,WPG,Toby,Enstrom,2,13:45,14:36,14,,,517,52,#002654,0,8470828,Winnipeg Jets,5661667,WPG,338,00:51
2015020699,WPG,Toby,Enstrom,2,14:40,15:45,15,,,517,52,#002654,0,8470828,Winnipeg Jets,5661668,WPG,340,01:05
2015020699,WPG,Toby,Enstrom,2,18:41,19:08,16,,,517,52,#002654,0,8470828,Winnipeg Jets,5661669,WPG,553,00:27
2015020699,WPG,Toby,Enstrom,3,00:00,00:46,17,,,517,52,#002654,0,8470828,Winnipeg Jets,5662959,WPG,556,00:46
2015020699,WPG,Toby,Enstrom,3,02:19,03:14,18,,,517,52,#002654,0,8470828,Winnipeg Jets,5662960,WPG,563,00:55
2015020699,WPG,Toby,Enstrom,3,06:33,07:50,19,,,517,52,#002654,0,8470828,Winnipeg Jets,5662961,WPG,575,01:17
2015020699,WPG,Toby,Enstrom,3,08:30,09:15,20,,,517,52,#002654,0,8470828,Winnipeg Jets,5662962,WPG,585,00:45
2015020699,WPG,Toby,Enstrom,3,10:25,12:22,21,,,517,52,#002654,0,8470828,Winnipeg Jets,5662963,WPG,588,01:57
2015020699,WPG,Toby,Enstrom,3,13:41,14:51,22,,,517,52,#002654,0,8470828,Winnipeg Jets,5662964,WPG,592,01:10
2015020699,WPG,Toby,Enstrom,3,15:53,16:46,23,,,517,52,#002654,0,8470828,Winnipeg Jets,5662965,WPG,599,00:53
2015020699,WPG,Toby,Enstrom,3,17:28,18:05,24,,,517,52,#002654,0,8470828,Winnipeg Jets,5662966,WPG,653,00:37
2015020699,WPG,Toby,Enstrom,3,18:33,19:10,25,,,517,52,#002654,0,8470828,Winnipeg Jets,5662967,WPG,658,00:37
2015020699,WPG,Dustin,Byfuglien,1,00:35,01:15,1,,,517,52,#002654,0,8470834,Winnipeg Jets,5661670,WPG,101,00:40
2015020699,WPG,Dustin,Byfuglien,1,01:55,02:47,2,,,517,52,#002654,0,8470834,Winnipeg Jets,5661671,WPG,103,00:52
2015020699,WPG,Dustin,Byfuglien,1,03:43,04:16,3,,,517,52,#002654,0,8470834,Winnipeg Jets,5661672,WPG,107,00:33
2015020699,WPG,Dustin,Byfuglien,1,05:54,07:59,4,,,517,52,#002654,0,8470834,Winnipeg Jets,5661673,WPG,113,02:05
2015020699,WPG,Dustin,Byfuglien,1,08:53,09:43,5,,,517,52,#002654,0,8470834,Winnipeg Jets,5661674,WPG,119,00:50
2015020699,WPG,Dustin,Byfuglien,1,12:16,12:26,6,,,517,52,#002654,0,8470834,Winnipeg Jets,5661675,WPG,129,00:10
2015020699,WPG,Dustin,Byfuglien,1,13:26,15:17,7,,,517,52,#002654,0,8470834,Winnipeg Jets,5661676,WPG,131,01:51
2015020699,WPG,Dustin,Byfuglien,1,15:55,16:28,8,,,517,52,#002654,0,8470834,Winnipeg Jets,5661677,WPG,137,00:33
2015020699,WPG,Dustin,Byfuglien,1,17:36,18:24,9,,,517,52,#002654,0,8470834,Winnipeg Jets,5661678,WPG,147,00:48
2015020699,WPG,Dustin,Byfuglien,1,19:15,20:00,10,,,517,52,#002654,0,8470834,Winnipeg Jets,5661679,WPG,301,00:45
2015020699,WPG,Dustin,Byfuglien,2,01:18,02:16,11,,,517,52,#002654,0,8470834,Winnipeg Jets,5661680,WPG,304,00:58
2015020699,WPG,Dustin,Byfuglien,2,03:59,05:04,12,,,517,52,#002654,0,8470834,Winnipeg Jets,5661681,WPG,311,01:05
2015020699,WPG,Dustin,Byfuglien,2,07:03,08:10,13,,,517,52,#002654,0,8470834,Winnipeg Jets,5661682,WPG,318,01:07
2015020699,WPG,Dustin,Byfuglien,2,10:41,13:45,14,,,517,52,#002654,0,8470834,Winnipeg Jets,5661683,WPG,329,03:04
2015020699,WPG,Dustin,Byfuglien,2,14:36,14:40,15,,,517,52,#002654,0,8470834,Winnipeg Jets,5661684,WPG,339,00:04
2015020699,WPG,Dustin,Byfuglien,2,15:45,16:33,16,,,517,52,#002654,0,8470834,Winnipeg Jets,5661685,WPG,342,00:48
2015020699,WPG,Dustin,Byfuglien,2,19:08,20:00,17,,,517,52,#002654,0,8470834,Winnipeg Jets,5661686,WPG,555,00:52
2015020699,WPG,Dustin,Byfuglien,3,01:31,02:19,18,,,517,52,#002654,0,8470834,Winnipeg Jets,5662968,WPG,560,00:48
2015020699,WPG,Dustin,Byfuglien,3,03:06,04:19,19,,,517,52,#002654,0,8470834,Winnipeg Jets,5662969,WPG,564,01:13
2015020699,WPG,Dustin,Byfuglien,3,05:27,06:33,20,,,517,52,#002654,0,8470834,Winnipeg Jets,5662970,WPG,571,01:06
2015020699,WPG,Dustin,Byfuglien,3,08:23,09:15,21,,,517,52,#002654,0,8470834,Winnipeg Jets,5662971,WPG,584,00:52
2015020699,WPG,Dustin,Byfuglien,3,10:20,11:11,22,,,517,52,#002654,0,8470834,Winnipeg Jets,5662972,WPG,587,00:51
2015020699,WPG,Dustin,Byfuglien,3,12:22,14:00,23,,,517,52,#002654,0,8470834,Winnipeg Jets,5662973,WPG,590,01:38
2015020699,WPG,Dustin,Byfuglien,3,14:51,15:53,24,,,517,52,#002654,0,8470834,Winnipeg Jets,5662974,WPG,596,01:02
2015020699,WPG,Dustin,Byfuglien,3,16:46,18:33,25,,,517,52,#002654,0,8470834,Winnipeg Jets,5662975,WPG,652,01:47
2015020699,WPG,Andrew,Ladd,1,00:00,00:35,1,,,517,52,#002654,0,8471217,Winnipeg Jets,5661687,WPG,3,00:35
2015020699,WPG,Andrew,Ladd,1,02:47,03:43,2,,,517,52,#002654,0,8471217,Winnipeg Jets,5661688,WPG,105,00:56
2015020699,WPG,Andrew,Ladd,1,04:58,06:03,3,,,517,52,#002654,0,8471217,Winnipeg Jets,5661689,WPG,110,01:05
2015020699,WPG,Andrew,Ladd,1,07:41,08:53,4,,,517,52,#002654,0,8471217,Winnipeg Jets,5661690,WPG,116,01:12
2015020699,WPG,Andrew,Ladd,1,10:24,11:52,5,,,517,52,#002654,0,8471217,Winnipeg Jets,5661691,WPG,125,01:28
2015020699,WPG,Andrew,Ladd,1,12:26,13:26,6,,,517,52,#002654,0,8471217,Winnipeg Jets,5661692,WPG,130,01:00
2015020699,WPG,Andrew,Ladd,1,14:03,15:17,7,,,517,52,#002654,0,8471217,Winnipeg Jets,5661693,WPG,134,01:14
2015020699,WPG,Andrew,Ladd,1,16:28,16:39,8,,,517,52,#002654,0,8471217,Winnipeg Jets,5661694,WPG,143,00:11
2015020699,WPG,Andrew,Ladd,1,18:16,19:15,9,,,517,52,#002654,0,8471217,Winnipeg Jets,5661695,WPG,149,00:59
2015020699,WPG,Andrew,Ladd,2,00:00,00:36,10,,,517,52,#002654,0,8471217,Winnipeg Jets,5661696,WPG,302,00:36
2015020699,WPG,Andrew,Ladd,2,02:48,04:02,11,,,517,52,#002654,0,8471217,Winnipeg Jets,5661697,WPG,308,01:14
2015020699,WPG,Andrew,Ladd,2,05:38,06:03,12,,,517,52,#002654,0,8471217,Winnipeg Jets,5661698,WPG,316,00:25
2015020699,WPG,Andrew,Ladd,2,08:59,09:33,13,,,517,52,#002654,0,8471217,Winnipeg Jets,5661699,WPG,322,00:34
2015020699,WPG,Andrew,Ladd,2,12:07,13:12,14,,,517,52,#002654,0,8471217,Winnipeg Jets,5661700,WPG,333,01:05
2015020699,WPG,Andrew,Ladd,2,14:40,15:33,15,,,517,52,#002654,0,8471217,Winnipeg Jets,5661701,WPG,340,00:53
2015020699,WPG,Andrew,Ladd,2,18:20,18:50,16,,,517,52,#002654,0,8471217,Winnipeg Jets,5661702,WPG,552,00:30
2015020699,WPG,Andrew,Ladd,3,00:00,00:32,17,,,517,52,#002654,0,8471217,Winnipeg Jets,5662976,WPG,556,00:32
2015020699,WPG,Andrew,Ladd,3,02:19,03:14,18,,,517,52,#002654,0,8471217,Winnipeg Jets,5662977,WPG,563,00:55
2015020699,WPG,Andrew,Ladd,3,04:19,04:34,19,,,517,52,#002654,0,8471217,Winnipeg Jets,5662978,WPG,567,00:15
2015020699,WPG,Andrew,Ladd,3,05:59,06:40,20,,,517,52,#002654,0,8471217,Winnipeg Jets,5662979,WPG,572,00:41
2015020699,WPG,Andrew,Ladd,3,06:57,07:37,21,,,517,52,#002654,0,8471217,Winnipeg Jets,5662980,WPG,578,00:40
2015020699,WPG,Andrew,Ladd,3,09:15,10:20,22,,,517,52,#002654,0,8471217,Winnipeg Jets,5662981,WPG,586,01:05
2015020699,WPG,Andrew,Ladd,3,12:22,13:02,23,,,517,52,#002654,0,8471217,Winnipeg Jets,5662982,WPG,590,00:40
2015020699,WPG,Andrew,Ladd,3,15:56,16:36,24,,,517,52,#002654,0,8471217,Winnipeg Jets,5662983,WPG,600,00:40
2015020699,WPG,Andrew,Ladd,3,18:25,18:33,25,,,517,52,#002654,0,8471217,Winnipeg Jets,5662984,WPG,657,00:08
2015020699,WPG,Blake,Wheeler,1,00:00,00:35,1,,,517,52,#002654,0,8471218,Winnipeg Jets,5661703,WPG,3,00:35
2015020699,WPG,Blake,Wheeler,1,02:47,03:43,2,,,517,52,#002654,0,8471218,Winnipeg Jets,5661704,WPG,105,00:56
2015020699,WPG,Blake,Wheeler,1,05:10,06:03,3,,,517,52,#002654,0,8471218,Winnipeg Jets,5661705,WPG,112,00:53
2015020699,WPG,Blake,Wheeler,1,07:41,08:40,4,,,517,52,#002654,0,8471218,Winnipeg Jets,5661706,WPG,116,00:59
2015020699,WPG,Blake,Wheeler,1,10:24,11:46,5,,,517,52,#002654,0,8471218,Winnipeg Jets,5661707,WPG,125,01:22
2015020699,WPG,Blake,Wheeler,1,12:26,13:26,6,,,517,52,#002654,0,8471218,Winnipeg Jets,5661708,WPG,130,01:00
2015020699,WPG,Blake,Wheeler,1,14:00,15:17,7,,,517,52,#002654,0,8471218,Winnipeg Jets,5661709,WPG,133,01:17
2015020699,WPG,Blake,Wheeler,1,18:13,19:15,8,,,517,52,#002654,0,8471218,Winnipeg Jets,5661710,WPG,148,01:02
2015020699,WPG,Blake,Wheeler,2,00:00,00:36,9,,,517,52,#002654,0,8471218,Winnipeg Jets,5661711,WPG,302,00:36
2015020699,WPG,Blake,Wheeler,2,02:48,04:10,10,,,517,52,#002654,0,8471218,Winnipeg Jets,5661712,WPG,308,01:22
2015020699,WPG,Blake,Wheeler,2,05:38,06:03,11,,,517,52,#002654,0,8471218,Winnipeg Jets,5661713,WPG,316,00:25
2015020699,WPG,Blake,Wheeler,2,08:04,09:12,12,,,517,52,#002654,0,8471218,Winnipeg Jets,5661714,WPG,320,01:08
2015020699,WPG,Blake,Wheeler,2,11:59,13:42,13,,,517,52,#002654,0,8471218,Winnipeg Jets,5661715,WPG,331,01:43
2015020699,WPG,Blake,Wheeler,2,14:40,15:33,14,,,517,52,#002654,0,8471218,Winnipeg Jets,5661716,WPG,340,00:53
2015020699,WPG,Blake,Wheeler,2,17:48,18:41,15,,,517,52,#002654,0,8471218,Winnipeg Jets,5661717,WPG,349,00:53
2015020699,WPG,Blake,Wheeler,3,00:00,00:41,16,,,517,52,#002654,0,8471218,Winnipeg Jets,5662985,WPG,556,00:41
2015020699,WPG,Blake,Wheeler,3,02:19,03:31,17,,,517,52,#002654,0,8471218,Winnipeg Jets,5662986,WPG,563,01:12
2015020699,WPG,Blake,Wheeler,3,04:34,05:11,18,,,517,52,#002654,0,8471218,Winnipeg Jets,5662987,WPG,568,00:37
2015020699,WPG,Blake,Wheeler,3,06:57,07:45,19,,,517,52,#002654,0,8471218,Winnipeg Jets,5662988,WPG,578,00:48
2015020699,WPG,Blake,Wheeler,3,08:30,09:15,20,,,517,52,#002654,0,8471218,Winnipeg Jets,5662989,WPG,585,00:45
2015020699,WPG,Blake,Wheeler,3,10:20,11:11,21,,,517,52,#002654,0,8471218,Winnipeg Jets,5662990,WPG,587,00:51
2015020699,WPG,Blake,Wheeler,3,12:22,14:08,22,,,517,52,#002654,0,8471218,Winnipeg Jets,5662991,WPG,590,01:46
2015020699,WPG,Blake,Wheeler,3,15:13,15:56,23,,,517,52,#002654,0,8471218,Winnipeg Jets,5662992,WPG,598,00:43
2015020699,WPG,Blake,Wheeler,3,17:28,18:33,24,,,517,52,#002654,0,8471218,Winnipeg Jets,5662993,WPG,653,01:05
2015020699,NSH,Pekka,Rinne,1,00:00,20:00,1,,,517,18,#FCB514,0,8471469,Nashville Predators,5661718,NSH,4,20:00
2015020699,NSH,Pekka,Rinne,2,00:00,20:00,2,,,517,18,#FCB514,0,8471469,Nashville Predators,5661719,NSH,211,20:00
2015020699,NSH,Pekka,Rinne,3,00:00,20:00,3,,,517,18,#FCB514,0,8471469,Nashville Predators,5662994,NSH,473,20:00
2015020699,NSH,James,Neal,1,00:00,00:35,1,,,517,18,#FCB514,0,8471707,Nashville Predators,5661720,NSH,4,00:35
2015020699,NSH,James,Neal,1,02:47,03:43,2,,,517,18,#FCB514,0,8471707,Nashville Predators,5661721,NSH,158,00:56
2015020699,NSH,James,Neal,1,04:54,06:07,3,,,517,18,#FCB514,0,8471707,Nashville Predators,5661722,NSH,161,01:13
2015020699,NSH,James,Neal,1,09:29,10:24,4,,,517,18,#FCB514,0,8471707,Nashville Predators,5661723,NSH,177,00:55
2015020699,NSH,James,Neal,1,11:16,11:42,5,,,517,18,#FCB514,0,8471707,Nashville Predators,5661724,NSH,183,00:26
2015020699,NSH,James,Neal,1,15:18,16:07,6,,,517,18,#FCB514,0,8471707,Nashville Predators,5661725,NSH,192,00:49
2015020699,NSH,James,Neal,1,16:28,16:39,7,,,517,18,#FCB514,0,8471707,Nashville Predators,5661726,NSH,196,00:11
2015020699,NSH,James,Neal,1,18:24,19:07,8,,,517,18,#FCB514,0,8471707,Nashville Predators,5661727,NSH,206,00:43
2015020699,NSH,James,Neal,2,00:00,00:36,9,,,517,18,#FCB514,0,8471707,Nashville Predators,5661728,NSH,211,00:36
2015020699,NSH,James,Neal,2,03:06,04:10,10,,,517,18,#FCB514,0,8471707,Nashville Predators,5661729,NSH,217,01:04
2015020699,NSH,James,Neal,2,05:38,06:03,11,,,517,18,#FCB514,0,8471707,Nashville Predators,5661730,NSH,224,00:25
2015020699,NSH,James,Neal,2,07:08,08:20,12,,,517,18,#FCB514,0,8471707,Nashville Predators,5661731,NSH,231,01:12
2015020699,NSH,James,Neal,2,10:32,11:17,13,,,517,18,#FCB514,0,8471707,Nashville Predators,5661732,NSH,240,00:45
2015020699,NSH,James,Neal,2,14:37,15:39,14,,,517,18,#FCB514,0,8471707,Nashville Predators,5661733,NSH,455,01:02
2015020699,NSH,James,Neal,2,17:57,18:50,15,,,517,18,#FCB514,0,8471707,Nashville Predators,5661734,NSH,465,00:53
2015020699,NSH,James,Neal,3,18:08,18:08,0,EVG,Ryan Johansen,505,18,#FFB81C,803,8471707,Nashville Predators,5662765,NSH,547,
2015020699,NSH,James,Neal,3,00:00,00:33,16,,,517,18,#FCB514,0,8471707,Nashville Predators,5662995,NSH,473,00:33
2015020699,NSH,James,Neal,3,02:19,02:36,17,,,517,18,#FCB514,0,8471707,Nashville Predators,5662996,NSH,480,00:17
2015020699,NSH,James,Neal,3,04:19,05:28,18,,,517,18,#FCB514,0,8471707,Nashville Predators,5662997,NSH,486,01:09
2015020699,NSH,James,Neal,3,06:57,07:48,19,,,517,18,#FCB514,0,8471707,Nashville Predators,5662998,NSH,490,00:51
2015020699,NSH,James,Neal,3,11:11,12:21,20,,,517,18,#FCB514,0,8471707,Nashville Predators,5662999,NSH,603,01:10
2015020699,NSH,James,Neal,3,14:32,15:10,21,,,517,18,#FCB514,0,8471707,Nashville Predators,5663000,NSH,613,00:38
2015020699,NSH,James,Neal,3,15:49,15:56,22,,,517,18,#FCB514,0,8471707,Nashville Predators,5663001,NSH,619,00:07
2015020699,NSH,James,Neal,3,16:02,16:35,23,,,517,18,#FCB514,0,8471707,Nashville Predators,5663002,NSH,622,00:33
2015020699,NSH,James,Neal,3,17:59,18:08,24,,,517,18,#FCB514,0,8471707,Nashville Predators,5663003,NSH,629,00:09
2015020699,NSH,James,Neal,3,19:10,19:46,25,,,517,18,#FCB514,0,8471707,Nashville Predators,5663004,NSH,634,00:36
2015020699,NSH,Cody,Bass,1,02:10,02:47,1,,,517,18,#FCB514,0,8471760,Nashville Predators,5661735,NSH,156,00:37
2015020699,NSH,Cody,Bass,1,11:04,11:16,2,,,517,18,#FCB514,0,8471760,Nashville Predators,5661736,NSH,181,00:12
2015020699,NSH,Cody,Bass,1,16:39,17:19,3,,,517,18,#FCB514,0,8471760,Nashville Predators,5661737,NSH,197,00:40
2015020699,NSH,Cody,Bass,2,00:36,01:32,4,,,517,18,#FCB514,0,8471760,Nashville Predators,5661738,NSH,212,00:56
2015020699,NSH,Cody,Bass,2,04:17,04:42,5,,,517,18,#FCB514,0,8471760,Nashville Predators,5661739,NSH,220,00:25
2015020699,NSH,Cody,Bass,2,06:03,06:47,6,,,517,18,#FCB514,0,8471760,Nashville Predators,5661740,NSH,226,00:44
2015020699,NSH,Cody,Bass,2,11:17,12:01,7,,,517,18,#FCB514,0,8471760,Nashville Predators,5661741,NSH,242,00:44
2015020699,NSH,Cody,Bass,2,13:18,13:50,8,,,517,18,#FCB514,0,8471760,Nashville Predators,5661742,NSH,249,00:32
2015020699,NSH,Cody,Bass,2,16:33,17:05,9,,,517,18,#FCB514,0,8471760,Nashville Predators,5661743,NSH,461,00:32
2015020699,NSH,Cody,Bass,2,18:55,19:32,10,,,517,18,#FCB514,0,8471760,Nashville Predators,5661744,NSH,469,00:37
2015020699,NSH,Cody,Bass,3,02:36,03:08,11,,,517,18,#FCB514,0,8471760,Nashville Predators,5663005,NSH,481,00:32
2015020699,NSH,Cody,Bass,3,06:36,06:57,12,,,517,18,#FCB514,0,8471760,Nashville Predators,5663006,NSH,489,00:21
2015020699,NSH,Cody,Bass,3,07:48,07:53,13,,,517,18,#FCB514,0,8471760,Nashville Predators,5663007,NSH,493,00:05
2015020699,NSH,Cody,Bass,3,08:26,08:30,14,,,517,18,#FCB514,0,8471760,Nashville Predators,5663008,NSH,496,00:04
2015020699,NSH,Cody,Bass,3,14:06,14:32,15,,,517,18,#FCB514,0,8471760,Nashville Predators,5663009,NSH,611,00:26
2015020699,NSH,Cody,Bass,3,18:33,19:10,16,,,517,18,#FCB514,0,8471760,Nashville Predators,5663010,NSH,632,00:37
2015020699,NSH,Cody,Bass,3,19:46,20:00,17,,,517,18,#FCB514,0,8471760,Nashville Predators,5663011,NSH,636,00:14
2015020699,WPG,Bryan,Little,1,00:00,00:35,1,,,517,52,#002654,0,8473412,Winnipeg Jets,5661745,WPG,3,00:35
2015020699,WPG,Bryan,Little,1,02:47,03:43,2,,,517,52,#002654,0,8473412,Winnipeg Jets,5661746,WPG,105,00:56
2015020699,WPG,Bryan,Little,1,05:10,05:54,3,,,517,52,#002654,0,8473412,Winnipeg Jets,5661747,WPG,112,00:44
2015020699,WPG,Bryan,Little,1,07:41,08:40,4,,,517,52,#002654,0,8473412,Winnipeg Jets,5661748,WPG,116,00:59
2015020699,WPG,Bryan,Little,1,10:24,11:52,5,,,517,52,#002654,0,8473412,Winnipeg Jets,5661749,WPG,125,01:28
2015020699,WPG,Bryan,Little,1,12:26,13:26,6,,,517,52,#002654,0,8473412,Winnipeg Jets,5661750,WPG,130,01:00
2015020699,WPG,Bryan,Little,1,14:25,15:17,7,,,517,52,#002654,0,8473412,Winnipeg Jets,5661751,WPG,135,00:52
2015020699,WPG,Bryan,Little,1,16:28,16:39,8,,,517,52,#002654,0,8473412,Winnipeg Jets,5661752,WPG,143,00:11
2015020699,WPG,Bryan,Little,1,18:24,19:15,9,,,517,52,#002654,0,8473412,Winnipeg Jets,5661753,WPG,150,00:51
2015020699,WPG,Bryan,Little,2,00:00,00:36,10,,,517,52,#002654,0,8473412,Winnipeg Jets,5661754,WPG,302,00:36
2015020699,WPG,Bryan,Little,2,03:03,04:02,11,,,517,52,#002654,0,8473412,Winnipeg Jets,5661755,WPG,310,00:59
2015020699,WPG,Bryan,Little,2,05:38,06:03,12,,,517,52,#002654,0,8473412,Winnipeg Jets,5661756,WPG,316,00:25
2015020699,WPG,Bryan,Little,2,09:12,09:41,13,,,517,52,#002654,0,8473412,Winnipeg Jets,5661757,WPG,324,00:29
2015020699,WPG,Bryan,Little,2,12:03,13:12,14,,,517,52,#002654,0,8473412,Winnipeg Jets,5661758,WPG,332,01:09
2015020699,WPG,Bryan,Little,2,14:40,15:33,15,,,517,52,#002654,0,8473412,Winnipeg Jets,5661759,WPG,340,00:53
2015020699,WPG,Bryan,Little,2,17:58,18:41,16,,,517,52,#002654,0,8473412,Winnipeg Jets,5661760,WPG,350,00:43
2015020699,WPG,Bryan,Little,3,00:00,00:41,17,,,517,52,#002654,0,8473412,Winnipeg Jets,5663012,WPG,556,00:41
2015020699,WPG,Bryan,Little,3,02:19,03:06,18,,,517,52,#002654,0,8473412,Winnipeg Jets,5663013,WPG,563,00:47
2015020699,WPG,Bryan,Little,3,04:19,04:34,19,,,517,52,#002654,0,8473412,Winnipeg Jets,5663014,WPG,567,00:15
2015020699,WPG,Bryan,Little,3,06:07,06:55,20,,,517,52,#002654,0,8473412,Winnipeg Jets,5663015,WPG,573,00:48
2015020699,WPG,Bryan,Little,3,06:57,07:45,21,,,517,52,#002654,0,8473412,Winnipeg Jets,5663016,WPG,578,00:48
2015020699,WPG,Bryan,Little,3,08:30,09:15,22,,,517,52,#002654,0,8473412,Winnipeg Jets,5663017,WPG,585,00:45
2015020699,WPG,Bryan,Little,3,10:20,11:11,23,,,517,52,#002654,0,8473412,Winnipeg Jets,5663018,WPG,587,00:51
2015020699,WPG,Bryan,Little,3,12:22,13:02,24,,,517,52,#002654,0,8473412,Winnipeg Jets,5663019,WPG,590,00:40
2015020699,WPG,Bryan,Little,3,15:08,15:13,25,,,517,52,#002654,0,8473412,Winnipeg Jets,5663020,WPG,597,00:05
2015020699,WPG,Bryan,Little,3,15:56,16:46,26,,,517,52,#002654,0,8473412,Winnipeg Jets,5663021,WPG,600,00:50
2015020699,WPG,Bryan,Little,3,18:08,18:33,27,,,517,52,#002654,0,8473412,Winnipeg Jets,5663022,WPG,656,00:25
2015020699,WPG,Mathieu,Perreault,1,00:35,01:15,1,,,517,52,#002654,0,8473618,Winnipeg Jets,5661761,WPG,101,00:40
2015020699,WPG,Mathieu,Perreault,1,03:43,04:16,2,,,517,52,#002654,0,8473618,Winnipeg Jets,5661762,WPG,107,00:33
2015020699,WPG,Mathieu,Perreault,1,05:54,07:41,3,,,517,52,#002654,0,8473618,Winnipeg Jets,5661763,WPG,113,01:47
2015020699,WPG,Mathieu,Perreault,1,09:27,10:24,4,,,517,52,#002654,0,8473618,Winnipeg Jets,5661764,WPG,121,00:57
2015020699,WPG,Mathieu,Perreault,1,11:52,12:26,5,,,517,52,#002654,0,8473618,Winnipeg Jets,5661765,WPG,128,00:34
2015020699,WPG,Mathieu,Perreault,1,13:26,14:25,6,,,517,52,#002654,0,8473618,Winnipeg Jets,5661766,WPG,131,00:59
2015020699,WPG,Mathieu,Perreault,1,17:36,18:24,7,,,517,52,#002654,0,8473618,Winnipeg Jets,5661767,WPG,147,00:48
2015020699,WPG,Mathieu,Perreault,2,00:36,01:38,8,,,517,52,#002654,0,8473618,Winnipeg Jets,5661768,WPG,303,01:02
2015020699,WPG,Mathieu,Perreault,2,04:02,05:04,9,,,517,52,#002654,0,8473618,Winnipeg Jets,5661769,WPG,312,01:02
2015020699,WPG,Mathieu,Perreault,2,06:03,07:03,10,,,517,52,#002654,0,8473618,Winnipeg Jets,5661770,WPG,317,01:00
2015020699,WPG,Mathieu,Perreault,2,09:41,10:31,11,,,517,52,#002654,0,8473618,Winnipeg Jets,5661771,WPG,326,00:50
2015020699,WPG,Mathieu,Perreault,2,13:12,14:36,12,,,517,52,#002654,0,8473618,Winnipeg Jets,5661772,WPG,335,01:24
2015020699,WPG,Mathieu,Perreault,2,16:13,17:05,13,,,517,52,#002654,0,8473618,Winnipeg Jets,5661773,WPG,343,00:52
2015020699,WPG,Mathieu,Perreault,2,18:41,20:00,14,,,517,52,#002654,0,8473618,Winnipeg Jets,5661774,WPG,553,01:19
2015020699,WPG,Mathieu,Perreault,3,00:41,01:43,15,,,517,52,#002654,0,8473618,Winnipeg Jets,5663023,WPG,558,01:02
2015020699,WPG,Mathieu,Perreault,3,03:06,04:19,16,,,517,52,#002654,0,8473618,Winnipeg Jets,5663024,WPG,564,01:13
2015020699,WPG,Mathieu,Perreault,3,06:19,06:57,17,,,517,52,#002654,0,8473618,Winnipeg Jets,5663025,WPG,574,00:38
2015020699,WPG,Mathieu,Perreault,3,08:23,08:30,18,,,517,52,#002654,0,8473618,Winnipeg Jets,5663026,WPG,584,00:07
2015020699,WPG,Mathieu,Perreault,3,09:15,10:20,19,,,517,52,#002654,0,8473618,Winnipeg Jets,5663027,WPG,586,01:05
2015020699,WPG,Mathieu,Perreault,3,13:02,14:17,20,,,517,52,#002654,0,8473618,Winnipeg Jets,5663028,WPG,591,01:15
2015020699,WPG,Mathieu,Perreault,3,15:13,15:56,21,,,517,52,#002654,0,8473618,Winnipeg Jets,5663029,WPG,598,00:43
2015020699,WPG,Mathieu,Perreault,3,17:28,18:08,22,,,517,52,#002654,0,8473618,Winnipeg Jets,5663030,WPG,653,00:40
2015020699,WPG,Mathieu,Perreault,3,18:25,18:33,23,,,517,52,#002654,0,8473618,Winnipeg Jets,5663031,WPG,657,00:08
2015020699,WPG,Anthony,Peluso,1,01:55,02:47,1,,,517,52,#002654,0,8474061,Winnipeg Jets,5661775,WPG,103,00:52
2015020699,WPG,Anthony,Peluso,1,16:10,16:28,2,,,517,52,#002654,0,8474061,Winnipeg Jets,5661776,WPG,140,00:18
2015020699,WPG,Anthony,Peluso,1,16:39,17:26,3,,,517,52,#002654,0,8474061,Winnipeg Jets,5661777,WPG,145,00:47
2015020699,WPG,Anthony,Peluso,2,02:16,03:03,4,,,517,52,#002654,0,8474061,Winnipeg Jets,5661778,WPG,307,00:47
2015020699,WPG,Anthony,Peluso,2,11:13,12:07,5,,,517,52,#002654,0,8474061,Winnipeg Jets,5661779,WPG,330,00:54
2015020699,WPG,Anthony,Peluso,2,17:05,17:48,6,,,517,52,#002654,0,8474061,Winnipeg Jets,5661780,WPG,348,00:43
2015020699,WPG,Anthony,Peluso,3,19:10,20:00,7,,,517,52,#002654,0,8474061,Winnipeg Jets,5663032,WPG,659,00:50
2015020699,WPG,Matt,Halischuk,1,01:15,01:55,1,,,517,52,#002654,0,8474094,Winnipeg Jets,5661781,WPG,102,00:40
2015020699,WPG,Matt,Halischuk,1,04:16,05:10,2,,,517,52,#002654,0,8474094,Winnipeg Jets,5661782,WPG,109,00:54
2015020699,WPG,Matt,Halischuk,1,08:40,09:07,3,,,517,52,#002654,0,8474094,Winnipeg Jets,5661783,WPG,118,00:27
2015020699,WPG,Matt,Halischuk,1,15:17,16:10,4,,,517,52,#002654,0,8474094,Winnipeg Jets,5661784,WPG,136,00:53
2015020699,WPG,Matt,Halischuk,1,19:15,20:00,5,,,517,52,#002654,0,8474094,Winnipeg Jets,5661785,WPG,301,00:45
2015020699,WPG,Matt,Halischuk,2,01:28,02:16,6,,,517,52,#002654,0,8474094,Winnipeg Jets,5661786,WPG,305,00:48
2015020699,WPG,Matt,Halischuk,2,05:04,05:38,7,,,517,52,#002654,0,8474094,Winnipeg Jets,5661787,WPG,315,00:34
2015020699,WPG,Matt,Halischuk,2,07:08,08:04,8,,,517,52,#002654,0,8474094,Winnipeg Jets,5661788,WPG,319,00:56
2015020699,WPG,Matt,Halischuk,2,10:41,11:13,9,,,517,52,#002654,0,8474094,Winnipeg Jets,5661789,WPG,329,00:32
2015020699,WPG,Matt,Halischuk,2,14:36,14:40,10,,,517,52,#002654,0,8474094,Winnipeg Jets,5661790,WPG,339,00:04
2015020699,WPG,Matt,Halischuk,2,15:33,16:33,11,,,517,52,#002654,0,8474094,Winnipeg Jets,5661791,WPG,341,01:00
2015020699,WPG,Matt,Halischuk,3,01:31,02:19,12,,,517,52,#002654,0,8474094,Winnipeg Jets,5663033,WPG,560,00:48
2015020699,WPG,Matt,Halischuk,3,05:11,05:59,13,,,517,52,#002654,0,8474094,Winnipeg Jets,5663034,WPG,570,00:48
2015020699,WPG,Matt,Halischuk,3,07:45,08:22,14,,,517,52,#002654,0,8474094,Winnipeg Jets,5663035,WPG,580,00:37
2015020699,WPG,Matt,Halischuk,3,11:11,12:22,15,,,517,52,#002654,0,8474094,Winnipeg Jets,5663036,WPG,589,01:11
2015020699,WPG,Matt,Halischuk,3,14:08,15:08,16,,,517,52,#002654,0,8474094,Winnipeg Jets,5663037,WPG,594,01:00
2015020699,WPG,Matt,Halischuk,3,16:46,17:28,17,,,517,52,#002654,0,8474094,Winnipeg Jets,5663038,WPG,652,00:42
2015020699,WPG,Matt,Halischuk,3,18:33,19:10,18,,,517,52,#002654,0,8474094,Winnipeg Jets,5663039,WPG,658,00:37
2015020699,WPG,Tyler,Myers,1,00:00,00:35,1,,,517,52,#002654,0,8474574,Winnipeg Jets,5661792,WPG,3,00:35
2015020699,WPG,Tyler,Myers,1,03:04,03:57,2,,,517,52,#002654,0,8474574,Winnipeg Jets,5661793,WPG,106,00:53
2015020699,WPG,Tyler,Myers,1,05:09,06:03,3,,,517,52,#002654,0,8474574,Winnipeg Jets,5661794,WPG,111,00:54
2015020699,WPG,Tyler,Myers,1,07:41,08:53,4,,,517,52,#002654,0,8474574,Winnipeg Jets,5661795,WPG,116,01:12
2015020699,WPG,Tyler,Myers,1,09:43,10:12,5,,,517,52,#002654,0,8474574,Winnipeg Jets,5661796,WPG,123,00:29
2015020699,WPG,Tyler,Myers,1,11:16,12:16,6,,,517,52,#002654,0,8474574,Winnipeg Jets,5661797,WPG,126,01:00
2015020699,WPG,Tyler,Myers,1,12:26,13:26,7,,,517,52,#002654,0,8474574,Winnipeg Jets,5661798,WPG,130,01:00
2015020699,WPG,Tyler,Myers,1,15:17,16:00,8,,,517,52,#002654,0,8474574,Winnipeg Jets,5661799,WPG,136,00:43
2015020699,WPG,Tyler,Myers,1,18:24,19:15,9,,,517,52,#002654,0,8474574,Winnipeg Jets,5661800,WPG,150,00:51
2015020699,WPG,Tyler,Myers,2,00:00,00:36,10,,,517,52,#002654,0,8474574,Winnipeg Jets,5661801,WPG,302,00:36
2015020699,WPG,Tyler,Myers,2,02:48,04:17,11,,,517,52,#002654,0,8474574,Winnipeg Jets,5661802,WPG,308,01:29
2015020699,WPG,Tyler,Myers,2,05:38,06:03,12,,,517,52,#002654,0,8474574,Winnipeg Jets,5661803,WPG,316,00:25
2015020699,WPG,Tyler,Myers,2,07:08,08:04,13,,,517,52,#002654,0,8474574,Winnipeg Jets,5661804,WPG,319,00:56
2015020699,WPG,Tyler,Myers,2,08:59,10:41,14,,,517,52,#002654,0,8474574,Winnipeg Jets,5661805,WPG,322,01:42
2015020699,WPG,Tyler,Myers,2,13:26,15:45,15,,,517,52,#002654,0,8474574,Winnipeg Jets,5661806,WPG,336,02:19
2015020699,WPG,Tyler,Myers,2,18:15,19:08,16,,,517,52,#002654,0,8474574,Winnipeg Jets,5661807,WPG,551,00:53
2015020699,WPG,Tyler,Myers,3,00:00,00:46,17,,,517,52,#002654,0,8474574,Winnipeg Jets,5663040,WPG,556,00:46
2015020699,WPG,Tyler,Myers,3,02:19,03:06,18,,,517,52,#002654,0,8474574,Winnipeg Jets,5663041,WPG,563,00:47
2015020699,WPG,Tyler,Myers,3,04:55,05:59,19,,,517,52,#002654,0,8474574,Winnipeg Jets,5663042,WPG,569,01:04
2015020699,WPG,Tyler,Myers,3,06:57,07:45,20,,,517,52,#002654,0,8474574,Winnipeg Jets,5663043,WPG,578,00:48
2015020699,WPG,Tyler,Myers,3,09:15,10:25,21,,,517,52,#002654,0,8474574,Winnipeg Jets,5663044,WPG,586,01:10
2015020699,WPG,Tyler,Myers,3,11:11,12:22,22,,,517,52,#002654,0,8474574,Winnipeg Jets,5663045,WPG,589,01:11
2015020699,WPG,Tyler,Myers,3,14:00,14:51,23,,,517,52,#002654,0,8474574,Winnipeg Jets,5663046,WPG,593,00:51
2015020699,WPG,Tyler,Myers,3,15:53,16:46,24,,,517,52,#002654,0,8474574,Winnipeg Jets,5663047,WPG,599,00:53
2015020699,WPG,Tyler,Myers,3,18:05,18:25,25,,,517,52,#002654,0,8474574,Winnipeg Jets,5663048,WPG,655,00:20
2015020699,NSH,Roman,Josi,1,00:00,00:35,1,,,517,18,#FCB514,0,8474600,Nashville Predators,5661808,NSH,4,00:35
2015020699,NSH,Roman,Josi,1,02:42,03:43,2,,,517,18,#FCB514,0,8474600,Nashville Predators,5661809,NSH,157,01:01
2015020699,NSH,Roman,Josi,1,05:12,06:13,3,,,517,18,#FCB514,0,8474600,Nashville Predators,5661810,NSH,165,01:01
2015020699,NSH,Roman,Josi,1,06:31,07:04,4,,,517,18,#FCB514,0,8474600,Nashville Predators,5661811,NSH,169,00:33
2015020699,NSH,Roman,Josi,1,08:00,08:46,5,,,517,18,#FCB514,0,8474600,Nashville Predators,5661812,NSH,173,00:46
2015020699,NSH,Roman,Josi,1,10:48,11:50,6,,,517,18,#FCB514,0,8474600,Nashville Predators,5661813,NSH,179,01:02
2015020699,NSH,Roman,Josi,1,12:26,12:54,7,,,517,18,#FCB514,0,8474600,Nashville Predators,5661814,NSH,187,00:28
2015020699,NSH,Roman,Josi,1,13:25,14:29,8,,,517,18,#FCB514,0,8474600,Nashville Predators,5661815,NSH,189,01:04
2015020699,NSH,Roman,Josi,1,16:28,16:48,9,,,517,18,#FCB514,0,8474600,Nashville Predators,5661816,NSH,196,00:20
2015020699,NSH,Roman,Josi,1,18:21,18:59,10,,,517,18,#FCB514,0,8474600,Nashville Predators,5661817,NSH,205,00:38
2015020699,NSH,Roman,Josi,2,00:00,00:36,11,,,517,18,#FCB514,0,8474600,Nashville Predators,5661818,NSH,211,00:36
2015020699,NSH,Roman,Josi,2,02:16,03:06,12,,,517,18,#FCB514,0,8474600,Nashville Predators,5661819,NSH,215,00:50
2015020699,NSH,Roman,Josi,2,03:17,04:07,13,,,517,18,#FCB514,0,8474600,Nashville Predators,5661820,NSH,218,00:50
2015020699,NSH,Roman,Josi,2,05:38,06:15,14,,,517,18,#FCB514,0,8474600,Nashville Predators,5661821,NSH,224,00:37
2015020699,NSH,Roman,Josi,2,07:08,08:03,15,,,517,18,#FCB514,0,8474600,Nashville Predators,5661822,NSH,231,00:55
2015020699,NSH,Roman,Josi,2,09:07,10:32,16,,,517,18,#FCB514,0,8474600,Nashville Predators,5661823,NSH,237,01:25
2015020699,NSH,Roman,Josi,2,12:10,12:41,17,,,517,18,#FCB514,0,8474600,Nashville Predators,5661824,NSH,246,00:31
2015020699,NSH,Roman,Josi,2,13:14,13:57,18,,,517,18,#FCB514,0,8474600,Nashville Predators,5661825,NSH,248,00:43
2015020699,NSH,Roman,Josi,2,14:40,16:12,19,,,517,18,#FCB514,0,8474600,Nashville Predators,5661826,NSH,456,01:32
2015020699,NSH,Roman,Josi,2,17:05,17:13,20,,,517,18,#FCB514,0,8474600,Nashville Predators,5661827,NSH,462,00:08
2015020699,NSH,Roman,Josi,2,18:04,18:50,21,,,517,18,#FCB514,0,8474600,Nashville Predators,5661828,NSH,466,00:46
2015020699,NSH,Roman,Josi,2,19:08,20:00,22,,,517,18,#FCB514,0,8474600,Nashville Predators,5661829,NSH,470,00:52
2015020699,NSH,Roman,Josi,3,00:00,00:33,23,,,517,18,#FCB514,0,8474600,Nashville Predators,5663049,NSH,473,00:33
2015020699,NSH,Roman,Josi,3,02:19,03:34,24,,,517,18,#FCB514,0,8474600,Nashville Predators,5663050,NSH,480,01:15
2015020699,NSH,Roman,Josi,3,04:19,05:29,25,,,517,18,#FCB514,0,8474600,Nashville Predators,5663051,NSH,486,01:10
2015020699,NSH,Roman,Josi,3,06:36,07:39,26,,,517,18,#FCB514,0,8474600,Nashville Predators,5663052,NSH,489,01:03
2015020699,NSH,Roman,Josi,3,08:30,09:15,27,,,517,18,#FCB514,0,8474600,Nashville Predators,5663053,NSH,497,00:45
2015020699,NSH,Roman,Josi,3,09:50,10:43,28,,,517,18,#FCB514,0,8474600,Nashville Predators,5663054,NSH,499,00:53
2015020699,NSH,Roman,Josi,3,12:43,14:06,29,,,517,18,#FCB514,0,8474600,Nashville Predators,5663055,NSH,608,01:23
2015020699,NSH,Roman,Josi,3,15:13,15:39,30,,,517,18,#FCB514,0,8474600,Nashville Predators,5663056,NSH,617,00:26
2015020699,NSH,Roman,Josi,3,17:37,18:33,31,,,517,18,#FCB514,0,8474600,Nashville Predators,5663057,NSH,627,00:56
2015020699,WPG,Patrice,Cormier,1,01:55,02:47,1,,,517,52,#002654,0,8474616,Winnipeg Jets,5661830,WPG,103,00:52
2015020699,WPG,Patrice,Cormier,1,16:05,16:28,2,,,517,52,#002654,0,8474616,Winnipeg Jets,5661831,WPG,139,00:23
2015020699,WPG,Patrice,Cormier,1,16:39,17:36,3,,,517,52,#002654,0,8474616,Winnipeg Jets,5661832,WPG,145,00:57
2015020699,WPG,Patrice,Cormier,2,02:16,02:48,4,,,517,52,#002654,0,8474616,Winnipeg Jets,5661833,WPG,307,00:32
2015020699,WPG,Patrice,Cormier,2,11:13,12:03,5,,,517,52,#002654,0,8474616,Winnipeg Jets,5661834,WPG,330,00:50
2015020699,WPG,Patrice,Cormier,2,17:05,17:58,6,,,517,52,#002654,0,8474616,Winnipeg Jets,5661835,WPG,348,00:53
2015020699,WPG,Patrice,Cormier,3,19:21,20:00,7,,,517,52,#002654,0,8474616,Winnipeg Jets,5663058,WPG,660,00:39
2015020699,NSH,Ryan,Ellis,1,01:16,02:42,1,,,517,18,#FCB514,0,8475176,Nashville Predators,5661836,NSH,152,01:26
2015020699,NSH,Ryan,Ellis,1,04:16,05:12,2,,,517,18,#FCB514,0,8475176,Nashville Predators,5661837,NSH,160,00:56
2015020699,NSH,Ryan,Ellis,1,07:04,07:44,3,,,517,18,#FCB514,0,8475176,Nashville Predators,5661838,NSH,170,00:40
2015020699,NSH,Ryan,Ellis,1,09:29,10:24,4,,,517,18,#FCB514,0,8475176,Nashville Predators,5661839,NSH,177,00:55
2015020699,NSH,Ryan,Ellis,1,12:54,13:25,5,,,517,18,#FCB514,0,8475176,Nashville Predators,5661840,NSH,188,00:31
2015020699,NSH,Ryan,Ellis,1,14:29,15:18,6,,,517,18,#FCB514,0,8475176,Nashville Predators,5661841,NSH,191,00:49
2015020699,NSH,Ryan,Ellis,1,16:48,17:47,7,,,517,18,#FCB514,0,8475176,Nashville Predators,5661842,NSH,198,00:59
2015020699,NSH,Ryan,Ellis,1,18:59,20:00,8,,,517,18,#FCB514,0,8475176,Nashville Predators,5661843,NSH,207,01:01
2015020699,NSH,Ryan,Ellis,2,03:06,03:17,9,,,517,18,#FCB514,0,8475176,Nashville Predators,5661844,NSH,217,00:11
2015020699,NSH,Ryan,Ellis,2,04:07,04:57,10,,,517,18,#FCB514,0,8475176,Nashville Predators,5661845,NSH,219,00:50
2015020699,NSH,Ryan,Ellis,2,06:55,07:08,11,,,517,18,#FCB514,0,8475176,Nashville Predators,5661846,NSH,230,00:13
2015020699,NSH,Ryan,Ellis,2,08:30,09:15,12,,,517,18,#FCB514,0,8475176,Nashville Predators,5661847,NSH,236,00:45
2015020699,NSH,Ryan,Ellis,2,10:32,11:44,13,,,517,18,#FCB514,0,8475176,Nashville Predators,5661848,NSH,240,01:12
2015020699,NSH,Ryan,Ellis,2,12:41,13:14,14,,,517,18,#FCB514,0,8475176,Nashville Predators,5661849,NSH,247,00:33
2015020699,NSH,Ryan,Ellis,2,17:13,18:04,15,,,517,18,#FCB514,0,8475176,Nashville Predators,5661850,NSH,463,00:51
2015020699,NSH,Ryan,Ellis,3,01:42,02:19,16,,,517,18,#FCB514,0,8475176,Nashville Predators,5663059,NSH,478,00:37
2015020699,NSH,Ryan,Ellis,3,05:29,06:36,17,,,517,18,#FCB514,0,8475176,Nashville Predators,5663060,NSH,488,01:07
2015020699,NSH,Ryan,Ellis,3,08:26,08:30,18,,,517,18,#FCB514,0,8475176,Nashville Predators,5663061,NSH,496,00:04
2015020699,NSH,Ryan,Ellis,3,09:15,09:50,19,,,517,18,#FCB514,0,8475176,Nashville Predators,5663062,NSH,498,00:35
2015020699,NSH,Ryan,Ellis,3,10:43,11:11,20,,,517,18,#FCB514,0,8475176,Nashville Predators,5663063,NSH,602,00:28
2015020699,NSH,Ryan,Ellis,3,11:47,12:43,21,,,517,18,#FCB514,0,8475176,Nashville Predators,5663064,NSH,604,00:56
2015020699,NSH,Ryan,Ellis,3,14:55,15:13,22,,,517,18,#FCB514,0,8475176,Nashville Predators,5663065,NSH,614,00:18
2015020699,NSH,Ryan,Ellis,3,16:35,17:37,23,,,517,18,#FCB514,0,8475176,Nashville Predators,5663066,NSH,623,01:02
2015020699,NSH,Ryan,Ellis,3,18:33,19:46,24,,,517,18,#FCB514,0,8475176,Nashville Predators,5663067,NSH,632,01:13
2015020699,NSH,Mattias,Ekholm,1,00:35,01:32,1,,,517,18,#FCB514,0,8475218,Nashville Predators,5661851,NSH,151,00:57
2015020699,NSH,Mattias,Ekholm,1,01:32,01:45,2,,,517,18,#FCB514,0,8475218,Nashville Predators,5661852,NSH,154,00:13
2015020699,NSH,Mattias,Ekholm,1,03:43,04:16,3,,,517,18,#FCB514,0,8475218,Nashville Predators,5661853,NSH,159,00:33
2015020699,NSH,Mattias,Ekholm,1,06:13,06:31,4,,,517,18,#FCB514,0,8475218,Nashville Predators,5661854,NSH,168,00:18
2015020699,NSH,Mattias,Ekholm,1,07:04,08:00,5,,,517,18,#FCB514,0,8475218,Nashville Predators,5661855,NSH,170,00:56
2015020699,NSH,Mattias,Ekholm,1,08:46,09:29,6,,,517,18,#FCB514,0,8475218,Nashville Predators,5661856,NSH,176,00:43
2015020699,NSH,Mattias,Ekholm,1,10:24,10:48,7,,,517,18,#FCB514,0,8475218,Nashville Predators,5661857,NSH,178,00:24
2015020699,NSH,Mattias,Ekholm,1,12:03,12:26,8,,,517,18,#FCB514,0,8475218,Nashville Predators,5661858,NSH,186,00:23
2015020699,NSH,Mattias,Ekholm,1,12:54,13:25,9,,,517,18,#FCB514,0,8475218,Nashville Predators,5661859,NSH,188,00:31
2015020699,NSH,Mattias,Ekholm,1,15:33,16:28,10,,,517,18,#FCB514,0,8475218,Nashville Predators,5661860,NSH,193,00:55
2015020699,NSH,Mattias,Ekholm,1,17:47,18:21,11,,,517,18,#FCB514,0,8475218,Nashville Predators,5661861,NSH,202,00:34
2015020699,NSH,Mattias,Ekholm,1,19:07,19:51,12,,,517,18,#FCB514,0,8475218,Nashville Predators,5661862,NSH,208,00:44
2015020699,NSH,Mattias,Ekholm,2,00:36,02:16,13,,,517,18,#FCB514,0,8475218,Nashville Predators,5661863,NSH,212,01:40
2015020699,NSH,Mattias,Ekholm,2,03:06,03:17,14,,,517,18,#FCB514,0,8475218,Nashville Predators,5661864,NSH,217,00:11
2015020699,NSH,Mattias,Ekholm,2,04:57,05:38,15,,,517,18,#FCB514,0,8475218,Nashville Predators,5661865,NSH,222,00:41
2015020699,NSH,Mattias,Ekholm,2,06:15,06:55,16,,,517,18,#FCB514,0,8475218,Nashville Predators,5661866,NSH,227,00:40
2015020699,NSH,Mattias,Ekholm,2,08:03,09:07,17,,,517,18,#FCB514,0,8475218,Nashville Predators,5661867,NSH,232,01:04
2015020699,NSH,Mattias,Ekholm,2,11:29,12:10,18,,,517,18,#FCB514,0,8475218,Nashville Predators,5661868,NSH,243,00:41
2015020699,NSH,Mattias,Ekholm,2,12:41,13:57,19,,,517,18,#FCB514,0,8475218,Nashville Predators,5661869,NSH,247,01:16
2015020699,NSH,Mattias,Ekholm,2,15:39,17:05,20,,,517,18,#FCB514,0,8475218,Nashville Predators,5661870,NSH,457,01:26
2015020699,NSH,Mattias,Ekholm,2,18:50,19:08,21,,,517,18,#FCB514,0,8475218,Nashville Predators,5661871,NSH,468,00:18
2015020699,NSH,Mattias,Ekholm,3,00:33,01:42,22,,,517,18,#FCB514,0,8475218,Nashville Predators,5663068,NSH,474,01:09
2015020699,NSH,Mattias,Ekholm,3,03:34,04:19,23,,,517,18,#FCB514,0,8475218,Nashville Predators,5663069,NSH,485,00:45
2015020699,NSH,Mattias,Ekholm,3,05:29,06:36,24,,,517,18,#FCB514,0,8475218,Nashville Predators,5663070,NSH,488,01:07
2015020699,NSH,Mattias,Ekholm,3,07:53,08:26,25,,,517,18,#FCB514,0,8475218,Nashville Predators,5663071,NSH,494,00:33
2015020699,NSH,Mattias,Ekholm,3,09:15,09:50,26,,,517,18,#FCB514,0,8475218,Nashville Predators,5663072,NSH,498,00:35
2015020699,NSH,Mattias,Ekholm,3,10:43,11:47,27,,,517,18,#FCB514,0,8475218,Nashville Predators,5663073,NSH,602,01:04
2015020699,NSH,Mattias,Ekholm,3,14:06,14:55,28,,,517,18,#FCB514,0,8475218,Nashville Predators,5663074,NSH,611,00:49
2015020699,NSH,Mattias,Ekholm,3,15:39,16:35,29,,,517,18,#FCB514,0,8475218,Nashville Predators,5663075,NSH,618,00:56
2015020699,NSH,Mattias,Ekholm,3,18:33,19:35,30,,,517,18,#FCB514,0,8475218,Nashville Predators,5663076,NSH,632,01:02
2015020699,NSH,Craig,Smith,1,00:35,01:16,1,,,517,18,#FCB514,0,8475225,Nashville Predators,5661872,NSH,151,00:41
2015020699,NSH,Craig,Smith,1,03:43,04:16,2,,,517,18,#FCB514,0,8475225,Nashville Predators,5661873,NSH,159,00:33
2015020699,NSH,Craig,Smith,1,06:07,06:31,3,,,517,18,#FCB514,0,8475225,Nashville Predators,5661874,NSH,167,00:24
2015020699,NSH,Craig,Smith,1,08:31,09:29,4,,,517,18,#FCB514,0,8475225,Nashville Predators,5661875,NSH,174,00:58
2015020699,NSH,Craig,Smith,1,11:42,12:26,5,,,517,18,#FCB514,0,8475225,Nashville Predators,5661876,NSH,184,00:44
2015020699,NSH,Craig,Smith,1,14:29,15:18,6,,,517,18,#FCB514,0,8475225,Nashville Predators,5661877,NSH,191,00:49
2015020699,NSH,Craig,Smith,1,18:12,18:24,7,,,517,18,#FCB514,0,8475225,Nashville Predators,5661878,NSH,203,00:12
2015020699,NSH,Craig,Smith,1,19:07,20:00,8,,,517,18,#FCB514,0,8475225,Nashville Predators,5661879,NSH,208,00:53
2015020699,NSH,Craig,Smith,2,05:04,05:04,0,EVG,"Petter Granberg, Mattias Ekholm",505,18,#FFB81C,803,8475225,Nashville Predators,5662760,NSH,365,
2015020699,NSH,Craig,Smith,2,01:32,02:16,9,,,517,18,#FCB514,0,8475225,Nashville Predators,5661880,NSH,214,00:44
2015020699,NSH,Craig,Smith,2,04:10,04:17,10,,,517,18,#FCB514,0,8475225,Nashville Predators,5661881,NSH,225,00:07
2015020699,NSH,Craig,Smith,2,04:42,05:04,11,,,517,18,#FCB514,0,8475225,Nashville Predators,5661882,NSH,221,00:22
2015020699,NSH,Craig,Smith,2,06:47,07:08,12,,,517,18,#FCB514,0,8475225,Nashville Predators,5661883,NSH,229,00:21
2015020699,NSH,Craig,Smith,2,08:20,09:07,13,,,517,18,#FCB514,0,8475225,Nashville Predators,5661884,NSH,234,00:47
2015020699,NSH,Craig,Smith,2,12:01,12:10,14,,,517,18,#FCB514,0,8475225,Nashville Predators,5661885,NSH,245,00:09
2015020699,NSH,Craig,Smith,2,15:39,16:24,15,,,517,18,#FCB514,0,8475225,Nashville Predators,5661886,NSH,457,00:45
2015020699,NSH,Craig,Smith,2,18:50,18:55,16,,,517,18,#FCB514,0,8475225,Nashville Predators,5661887,NSH,468,00:05
2015020699,NSH,Craig,Smith,2,19:32,20:00,17,,,517,18,#FCB514,0,8475225,Nashville Predators,5661888,NSH,471,00:28
2015020699,NSH,Craig,Smith,3,01:31,02:19,18,,,517,18,#FCB514,0,8475225,Nashville Predators,5663077,NSH,476,00:48
2015020699,NSH,Craig,Smith,3,05:28,06:36,19,,,517,18,#FCB514,0,8475225,Nashville Predators,5663078,NSH,487,01:08
2015020699,NSH,Craig,Smith,3,10:43,11:11,20,,,517,18,#FCB514,0,8475225,Nashville Predators,5663079,NSH,602,00:28
2015020699,NSH,Craig,Smith,3,12:21,13:02,21,,,517,18,#FCB514,0,8475225,Nashville Predators,5663080,NSH,606,00:41
2015020699,NSH,Craig,Smith,3,15:10,15:49,22,,,517,18,#FCB514,0,8475225,Nashville Predators,5663081,NSH,616,00:39
2015020699,WPG,Ben,Chiarot,1,01:15,01:55,1,,,517,52,#002654,0,8475279,Winnipeg Jets,5661889,WPG,102,00:40
2015020699,WPG,Ben,Chiarot,1,04:16,05:09,2,,,517,52,#002654,0,8475279,Winnipeg Jets,5661890,WPG,109,00:53
2015020699,WPG,Ben,Chiarot,1,10:12,11:16,3,,,517,52,#002654,0,8475279,Winnipeg Jets,5661891,WPG,124,01:04
2015020699,WPG,Ben,Chiarot,1,16:00,16:28,4,,,517,52,#002654,0,8475279,Winnipeg Jets,5661892,WPG,138,00:28
2015020699,WPG,Ben,Chiarot,1,16:39,17:36,5,,,517,52,#002654,0,8475279,Winnipeg Jets,5661893,WPG,145,00:57
2015020699,WPG,Ben,Chiarot,2,00:36,01:38,6,,,517,52,#002654,0,8475279,Winnipeg Jets,5661894,WPG,303,01:02
2015020699,WPG,Ben,Chiarot,2,02:16,03:03,7,,,517,52,#002654,0,8475279,Winnipeg Jets,5661895,WPG,307,00:47
2015020699,WPG,Ben,Chiarot,2,05:04,05:38,8,,,517,52,#002654,0,8475279,Winnipeg Jets,5661896,WPG,315,00:34
2015020699,WPG,Ben,Chiarot,2,06:03,07:03,9,,,517,52,#002654,0,8475279,Winnipeg Jets,5661897,WPG,317,01:00
2015020699,WPG,Ben,Chiarot,2,16:33,18:41,10,,,517,52,#002654,0,8475279,Winnipeg Jets,5661898,WPG,347,02:08
2015020699,WPG,Ben,Chiarot,3,00:46,01:31,11,,,517,52,#002654,0,8475279,Winnipeg Jets,5663082,WPG,559,00:45
2015020699,WPG,Ben,Chiarot,3,07:50,08:23,12,,,517,52,#002654,0,8475279,Winnipeg Jets,5663083,WPG,581,00:33
2015020699,WPG,Ben,Chiarot,3,19:10,20:00,13,,,517,52,#002654,0,8475279,Winnipeg Jets,5663084,WPG,659,00:50
2015020699,NSH,Calle,Jarnkrok,1,01:16,02:10,1,,,517,18,#FCB514,0,8475714,Nashville Predators,5661899,NSH,152,00:54
2015020699,NSH,Calle,Jarnkrok,1,04:16,04:54,2,,,517,18,#FCB514,0,8475714,Nashville Predators,5661900,NSH,160,00:38
2015020699,NSH,Calle,Jarnkrok,1,06:31,07:04,3,,,517,18,#FCB514,0,8475714,Nashville Predators,5661901,NSH,169,00:33
2015020699,NSH,Calle,Jarnkrok,1,08:00,08:35,4,,,517,18,#FCB514,0,8475714,Nashville Predators,5661902,NSH,173,00:35
2015020699,NSH,Calle,Jarnkrok,1,10:24,11:04,5,,,517,18,#FCB514,0,8475714,Nashville Predators,5661903,NSH,178,00:40
2015020699,NSH,Calle,Jarnkrok,1,12:54,13:25,6,,,517,18,#FCB514,0,8475714,Nashville Predators,5661904,NSH,188,00:31
2015020699,NSH,Calle,Jarnkrok,1,17:19,18:12,7,,,517,18,#FCB514,0,8475714,Nashville Predators,5661905,NSH,199,00:53
2015020699,NSH,Calle,Jarnkrok,2,02:16,03:06,8,,,517,18,#FCB514,0,8475714,Nashville Predators,5661906,NSH,215,00:50
2015020699,NSH,Calle,Jarnkrok,2,05:04,05:38,9,,,517,18,#FCB514,0,8475714,Nashville Predators,5661907,NSH,223,00:34
2015020699,NSH,Calle,Jarnkrok,2,09:15,10:32,10,,,517,18,#FCB514,0,8475714,Nashville Predators,5661908,NSH,238,01:17
2015020699,NSH,Calle,Jarnkrok,2,12:10,12:41,11,,,517,18,#FCB514,0,8475714,Nashville Predators,5661909,NSH,246,00:31
2015020699,NSH,Calle,Jarnkrok,2,13:50,14:37,12,,,517,18,#FCB514,0,8475714,Nashville Predators,5661910,NSH,451,00:47
2015020699,NSH,Calle,Jarnkrok,2,16:24,16:33,13,,,517,18,#FCB514,0,8475714,Nashville Predators,5661911,NSH,459,00:09
2015020699,NSH,Calle,Jarnkrok,2,17:05,17:57,14,,,517,18,#FCB514,0,8475714,Nashville Predators,5661912,NSH,462,00:52
2015020699,NSH,Calle,Jarnkrok,3,18:33,18:33,0,EVG,"Paul Gaustad, Roman Josi",505,18,#FFB81C,803,8475714,Nashville Predators,5662766,NSH,550,
2015020699,NSH,Calle,Jarnkrok,3,00:33,01:31,15,,,517,18,#FCB514,0,8475714,Nashville Predators,5663085,NSH,474,00:58
2015020699,NSH,Calle,Jarnkrok,3,02:19,02:36,16,,,517,18,#FCB514,0,8475714,Nashville Predators,5663086,NSH,480,00:17
2015020699,NSH,Calle,Jarnkrok,3,06:57,07:03,17,,,517,18,#FCB514,0,8475714,Nashville Predators,5663087,NSH,490,00:06
2015020699,NSH,Calle,Jarnkrok,3,07:39,07:48,18,,,517,18,#FCB514,0,8475714,Nashville Predators,5663088,NSH,492,00:09
2015020699,NSH,Calle,Jarnkrok,3,08:30,09:15,19,,,517,18,#FCB514,0,8475714,Nashville Predators,5663089,NSH,497,00:45
2015020699,NSH,Calle,Jarnkrok,3,10:17,10:43,20,,,517,18,#FCB514,0,8475714,Nashville Predators,5663090,NSH,500,00:26
2015020699,NSH,Calle,Jarnkrok,3,11:11,12:05,21,,,517,18,#FCB514,0,8475714,Nashville Predators,5663091,NSH,603,00:54
2015020699,NSH,Calle,Jarnkrok,3,14:21,15:10,22,,,517,18,#FCB514,0,8475714,Nashville Predators,5663092,NSH,612,00:49
2015020699,NSH,Calle,Jarnkrok,3,15:56,16:02,23,,,517,18,#FCB514,0,8475714,Nashville Predators,5663093,NSH,621,00:06
2015020699,NSH,Calle,Jarnkrok,3,16:35,17:22,24,,,517,18,#FCB514,0,8475714,Nashville Predators,5663094,NSH,623,00:47
2015020699,NSH,Calle,Jarnkrok,3,17:59,18:05,25,,,517,18,#FCB514,0,8475714,Nashville Predators,5663095,NSH,629,00:06
2015020699,NSH,Calle,Jarnkrok,3,18:08,18:33,26,,,517,18,#FCB514,0,8475714,Nashville Predators,5663096,NSH,631,00:25
2015020699,NSH,Petter,Granberg,1,00:35,01:16,1,,,517,18,#FCB514,0,8475774,Nashville Predators,5661913,NSH,151,00:41
2015020699,NSH,Petter,Granberg,1,03:43,04:16,2,,,517,18,#FCB514,0,8475774,Nashville Predators,5661914,NSH,159,00:33
2015020699,NSH,Petter,Granberg,1,06:13,06:31,3,,,517,18,#FCB514,0,8475774,Nashville Predators,5661915,NSH,168,00:18
2015020699,NSH,Petter,Granberg,1,08:46,09:29,4,,,517,18,#FCB514,0,8475774,Nashville Predators,5661916,NSH,176,00:43
2015020699,NSH,Petter,Granberg,1,10:24,10:48,5,,,517,18,#FCB514,0,8475774,Nashville Predators,5661917,NSH,178,00:24
2015020699,NSH,Petter,Granberg,1,11:50,12:26,6,,,517,18,#FCB514,0,8475774,Nashville Predators,5661918,NSH,185,00:36
2015020699,NSH,Petter,Granberg,1,15:18,16:28,7,,,517,18,#FCB514,0,8475774,Nashville Predators,5661919,NSH,192,01:10
2015020699,NSH,Petter,Granberg,1,17:47,18:21,8,,,517,18,#FCB514,0,8475774,Nashville Predators,5661920,NSH,202,00:34
2015020699,NSH,Petter,Granberg,2,00:36,02:16,9,,,517,18,#FCB514,0,8475774,Nashville Predators,5661921,NSH,212,01:40
2015020699,NSH,Petter,Granberg,2,04:57,05:38,10,,,517,18,#FCB514,0,8475774,Nashville Predators,5661922,NSH,222,00:41
2015020699,NSH,Petter,Granberg,2,06:15,06:47,11,,,517,18,#FCB514,0,8475774,Nashville Predators,5661923,NSH,227,00:32
2015020699,NSH,Petter,Granberg,2,11:44,12:10,12,,,517,18,#FCB514,0,8475774,Nashville Predators,5661924,NSH,244,00:26
2015020699,NSH,Petter,Granberg,2,13:57,14:10,13,,,517,18,#FCB514,0,8475774,Nashville Predators,5661925,NSH,452,00:13
2015020699,NSH,Petter,Granberg,2,16:12,17:05,14,,,517,18,#FCB514,0,8475774,Nashville Predators,5661926,NSH,458,00:53
2015020699,NSH,Petter,Granberg,3,00:33,01:42,15,,,517,18,#FCB514,0,8475774,Nashville Predators,5663097,NSH,474,01:09
2015020699,NSH,Petter,Granberg,3,03:34,04:19,16,,,517,18,#FCB514,0,8475774,Nashville Predators,5663098,NSH,485,00:45
2015020699,NSH,Petter,Granberg,3,07:39,08:26,17,,,517,18,#FCB514,0,8475774,Nashville Predators,5663099,NSH,492,00:47
2015020699,NSH,Petter,Granberg,3,11:11,11:47,18,,,517,18,#FCB514,0,8475774,Nashville Predators,5663100,NSH,603,00:36
2015020699,NSH,Petter,Granberg,3,14:06,14:55,19,,,517,18,#FCB514,0,8475774,Nashville Predators,5663101,NSH,611,00:49
2015020699,NSH,Petter,Granberg,3,15:39,16:35,20,,,517,18,#FCB514,0,8475774,Nashville Predators,5663102,NSH,618,00:56
2015020699,NSH,Petter,Granberg,3,19:46,20:00,21,,,517,18,#FCB514,0,8475774,Nashville Predators,5663103,NSH,636,00:14
2015020699,NSH,Ryan,Johansen,1,16:39,16:39,0,PPG,"James Neal, Mike Ribeiro",505,18,#FFB81C,803,8475793,Nashville Predators,5658352,NSH,83,
2015020699,NSH,Ryan,Johansen,1,00:00,00:35,1,,,517,18,#FCB514,0,8475793,Nashville Predators,5661927,NSH,4,00:35
2015020699,NSH,Ryan,Johansen,1,02:47,03:43,2,,,517,18,#FCB514,0,8475793,Nashville Predators,5661928,NSH,158,00:56
2015020699,NSH,Ryan,Johansen,1,05:03,06:00,3,,,517,18,#FCB514,0,8475793,Nashville Predators,5661929,NSH,163,00:57
2015020699,NSH,Ryan,Johansen,1,09:29,10:24,4,,,517,18,#FCB514,0,8475793,Nashville Predators,5661930,NSH,177,00:55
2015020699,NSH,Ryan,Johansen,1,11:16,11:50,5,,,517,18,#FCB514,0,8475793,Nashville Predators,5661931,NSH,183,00:34
2015020699,NSH,Ryan,Johansen,1,15:18,16:07,6,,,517,18,#FCB514,0,8475793,Nashville Predators,5661932,NSH,192,00:49
2015020699,NSH,Ryan,Johansen,1,16:28,16:39,7,,,517,18,#FCB514,0,8475793,Nashville Predators,5661933,NSH,196,00:11
2015020699,NSH,Ryan,Johansen,1,18:24,18:59,8,,,517,18,#FCB514,0,8475793,Nashville Predators,5661934,NSH,206,00:35
2015020699,NSH,Ryan,Johansen,2,00:00,00:36,9,,,517,18,#FCB514,0,8475793,Nashville Predators,5661935,NSH,211,00:36
2015020699,NSH,Ryan,Johansen,2,03:06,04:07,10,,,517,18,#FCB514,0,8475793,Nashville Predators,5661936,NSH,217,01:01
2015020699,NSH,Ryan,Johansen,2,05:38,06:03,11,,,517,18,#FCB514,0,8475793,Nashville Predators,5661937,NSH,224,00:25
2015020699,NSH,Ryan,Johansen,2,07:08,08:26,12,,,517,18,#FCB514,0,8475793,Nashville Predators,5661938,NSH,231,01:18
2015020699,NSH,Ryan,Johansen,2,10:32,11:29,13,,,517,18,#FCB514,0,8475793,Nashville Predators,5661939,NSH,240,00:57
2015020699,NSH,Ryan,Johansen,2,14:37,15:39,14,,,517,18,#FCB514,0,8475793,Nashville Predators,5661940,NSH,455,01:02
2015020699,NSH,Ryan,Johansen,2,18:04,19:08,15,,,517,18,#FCB514,0,8475793,Nashville Predators,5661941,NSH,466,01:04
2015020699,NSH,Ryan,Johansen,3,00:00,00:33,16,,,517,18,#FCB514,0,8475793,Nashville Predators,5663104,NSH,473,00:33
2015020699,NSH,Ryan,Johansen,3,02:19,02:36,17,,,517,18,#FCB514,0,8475793,Nashville Predators,5663105,NSH,480,00:17
2015020699,NSH,Ryan,Johansen,3,04:19,05:28,18,,,517,18,#FCB514,0,8475793,Nashville Predators,5663106,NSH,486,01:09
2015020699,NSH,Ryan,Johansen,3,06:57,07:39,19,,,517,18,#FCB514,0,8475793,Nashville Predators,5663107,NSH,490,00:42
2015020699,NSH,Ryan,Johansen,3,11:11,12:05,20,,,517,18,#FCB514,0,8475793,Nashville Predators,5663108,NSH,603,00:54
2015020699,NSH,Ryan,Johansen,3,14:21,15:03,21,,,517,18,#FCB514,0,8475793,Nashville Predators,5663109,NSH,612,00:42
2015020699,NSH,Ryan,Johansen,3,16:02,16:48,22,,,517,18,#FCB514,0,8475793,Nashville Predators,5663110,NSH,622,00:46
2015020699,NSH,Ryan,Johansen,3,18:05,18:08,23,,,517,18,#FCB514,0,8475793,Nashville Predators,5663111,NSH,630,00:03
2015020699,NSH,Ryan,Johansen,3,19:00,19:35,24,,,517,18,#FCB514,0,8475793,Nashville Predators,5663112,NSH,633,00:35
2015020699,NSH,Miikka,Salomaki,1,01:16,02:10,1,,,517,18,#FCB514,0,8476447,Nashville Predators,5661942,NSH,152,00:54
2015020699,NSH,Miikka,Salomaki,1,04:16,04:59,2,,,517,18,#FCB514,0,8476447,Nashville Predators,5661943,NSH,160,00:43
2015020699,NSH,Miikka,Salomaki,1,07:44,08:00,3,,,517,18,#FCB514,0,8476447,Nashville Predators,5661944,NSH,172,00:16
2015020699,NSH,Miikka,Salomaki,1,08:46,09:29,4,,,517,18,#FCB514,0,8476447,Nashville Predators,5661945,NSH,176,00:43
2015020699,NSH,Miikka,Salomaki,1,10:24,11:11,5,,,517,18,#FCB514,0,8476447,Nashville Predators,5661946,NSH,178,00:47
2015020699,NSH,Miikka,Salomaki,1,17:29,18:18,6,,,517,18,#FCB514,0,8476447,Nashville Predators,5661947,NSH,201,00:49
2015020699,NSH,Miikka,Salomaki,2,02:16,02:29,7,,,517,18,#FCB514,0,8476447,Nashville Predators,5661948,NSH,215,00:13
2015020699,NSH,Miikka,Salomaki,2,05:04,05:38,8,,,517,18,#FCB514,0,8476447,Nashville Predators,5661949,NSH,223,00:34
2015020699,NSH,Miikka,Salomaki,2,09:07,10:42,9,,,517,18,#FCB514,0,8476447,Nashville Predators,5661950,NSH,237,01:35
2015020699,NSH,Miikka,Salomaki,2,13:25,13:57,10,,,517,18,#FCB514,0,8476447,Nashville Predators,5661951,NSH,250,00:32
2015020699,NSH,Miikka,Salomaki,2,16:28,16:33,11,,,517,18,#FCB514,0,8476447,Nashville Predators,5661952,NSH,460,00:05
2015020699,NSH,Miikka,Salomaki,2,17:05,17:25,12,,,517,18,#FCB514,0,8476447,Nashville Predators,5661953,NSH,462,00:20
2015020699,NSH,Miikka,Salomaki,3,00:39,01:42,13,,,517,18,#FCB514,0,8476447,Nashville Predators,5663113,NSH,475,01:03
2015020699,NSH,Miikka,Salomaki,3,03:24,04:19,14,,,517,18,#FCB514,0,8476447,Nashville Predators,5663114,NSH,484,00:55
2015020699,NSH,Miikka,Salomaki,3,07:48,08:26,15,,,517,18,#FCB514,0,8476447,Nashville Predators,5663115,NSH,493,00:38
2015020699,NSH,Miikka,Salomaki,3,09:50,10:17,16,,,517,18,#FCB514,0,8476447,Nashville Predators,5663116,NSH,499,00:27
2015020699,NSH,Miikka,Salomaki,3,13:02,13:40,17,,,517,18,#FCB514,0,8476447,Nashville Predators,5663117,NSH,609,00:38
2015020699,NSH,Miikka,Salomaki,3,17:50,17:59,18,,,517,18,#FCB514,0,8476447,Nashville Predators,5663118,NSH,628,00:09
2015020699,NSH,Miikka,Salomaki,3,19:35,19:46,19,,,517,18,#FCB514,0,8476447,Nashville Predators,5663119,NSH,635,00:11
2015020699,WPG,Joel,Armia,1,00:35,01:15,1,,,517,52,#002654,0,8476469,Winnipeg Jets,5661954,WPG,101,00:40
2015020699,WPG,Joel,Armia,1,03:43,04:16,2,,,517,52,#002654,0,8476469,Winnipeg Jets,5661955,WPG,107,00:33
2015020699,WPG,Joel,Armia,1,06:03,07:41,3,,,517,52,#002654,0,8476469,Winnipeg Jets,5661956,WPG,114,01:38
2015020699,WPG,Joel,Armia,1,09:34,10:24,4,,,517,52,#002654,0,8476469,Winnipeg Jets,5661957,WPG,122,00:50
2015020699,WPG,Joel,Armia,1,11:52,12:26,5,,,517,52,#002654,0,8476469,Winnipeg Jets,5661958,WPG,128,00:34
2015020699,WPG,Joel,Armia,1,13:26,14:03,6,,,517,52,#002654,0,8476469,Winnipeg Jets,5661959,WPG,131,00:37
2015020699,WPG,Joel,Armia,1,17:36,18:16,7,,,517,52,#002654,0,8476469,Winnipeg Jets,5661960,WPG,147,00:40
2015020699,WPG,Joel,Armia,2,00:36,01:28,8,,,517,52,#002654,0,8476469,Winnipeg Jets,5661961,WPG,303,00:52
2015020699,WPG,Joel,Armia,2,04:02,05:04,9,,,517,52,#002654,0,8476469,Winnipeg Jets,5661962,WPG,312,01:02
2015020699,WPG,Joel,Armia,2,06:03,07:08,10,,,517,52,#002654,0,8476469,Winnipeg Jets,5661963,WPG,317,01:05
2015020699,WPG,Joel,Armia,2,08:04,08:59,11,,,517,52,#002654,0,8476469,Winnipeg Jets,5661964,WPG,320,00:55
2015020699,WPG,Joel,Armia,2,09:46,10:41,12,,,517,52,#002654,0,8476469,Winnipeg Jets,5661965,WPG,327,00:55
2015020699,WPG,Joel,Armia,2,13:12,14:36,13,,,517,52,#002654,0,8476469,Winnipeg Jets,5661966,WPG,335,01:24
2015020699,WPG,Joel,Armia,2,16:30,17:05,14,,,517,52,#002654,0,8476469,Winnipeg Jets,5661967,WPG,345,00:35
2015020699,WPG,Joel,Armia,2,18:50,20:00,15,,,517,52,#002654,0,8476469,Winnipeg Jets,5661968,WPG,554,01:10
2015020699,WPG,Joel,Armia,3,00:32,01:31,16,,,517,52,#002654,0,8476469,Winnipeg Jets,5663120,WPG,557,00:59
2015020699,WPG,Joel,Armia,3,03:14,04:19,17,,,517,52,#002654,0,8476469,Winnipeg Jets,5663121,WPG,565,01:05
2015020699,WPG,Joel,Armia,3,06:40,06:57,18,,,517,52,#002654,0,8476469,Winnipeg Jets,5663122,WPG,576,00:17
2015020699,WPG,Joel,Armia,3,08:15,08:30,19,,,517,52,#002654,0,8476469,Winnipeg Jets,5663123,WPG,582,00:15
2015020699,WPG,Joel,Armia,3,09:15,10:20,20,,,517,52,#002654,0,8476469,Winnipeg Jets,5663124,WPG,586,01:05
2015020699,WPG,Joel,Armia,3,15:08,15:13,21,,,517,52,#002654,0,8476469,Winnipeg Jets,5663125,WPG,597,00:05
2015020699,WPG,Joel,Armia,3,15:56,16:46,22,,,517,52,#002654,0,8476469,Winnipeg Jets,5663126,WPG,600,00:50
2015020699,WPG,Jacob,Trouba,1,00:35,01:15,1,,,517,52,#002654,0,8476885,Winnipeg Jets,5661969,WPG,101,00:40
2015020699,WPG,Jacob,Trouba,1,01:55,03:04,2,,,517,52,#002654,0,8476885,Winnipeg Jets,5661970,WPG,103,01:09
2015020699,WPG,Jacob,Trouba,1,03:57,04:16,3,,,517,52,#002654,0,8476885,Winnipeg Jets,5661971,WPG,108,00:19
2015020699,WPG,Jacob,Trouba,1,06:03,07:41,4,,,517,52,#002654,0,8476885,Winnipeg Jets,5661972,WPG,114,01:38
2015020699,WPG,Jacob,Trouba,1,08:40,09:43,5,,,517,52,#002654,0,8476885,Winnipeg Jets,5661973,WPG,118,01:03
2015020699,WPG,Jacob,Trouba,1,11:52,12:26,6,,,517,52,#002654,0,8476885,Winnipeg Jets,5661974,WPG,128,00:34
2015020699,WPG,Jacob,Trouba,1,13:37,15:17,7,,,517,52,#002654,0,8476885,Winnipeg Jets,5661975,WPG,132,01:40
2015020699,WPG,Jacob,Trouba,1,16:28,16:39,8,,,517,52,#002654,0,8476885,Winnipeg Jets,5661976,WPG,143,00:11
2015020699,WPG,Jacob,Trouba,1,17:36,18:24,9,,,517,52,#002654,0,8476885,Winnipeg Jets,5661977,WPG,147,00:48
2015020699,WPG,Jacob,Trouba,1,19:15,20:00,10,,,517,52,#002654,0,8476885,Winnipeg Jets,5661978,WPG,301,00:45
2015020699,WPG,Jacob,Trouba,2,01:38,02:16,11,,,517,52,#002654,0,8476885,Winnipeg Jets,5661979,WPG,306,00:38
2015020699,WPG,Jacob,Trouba,2,04:17,05:04,12,,,517,52,#002654,0,8476885,Winnipeg Jets,5661980,WPG,314,00:47
2015020699,WPG,Jacob,Trouba,2,07:03,07:08,13,,,517,52,#002654,0,8476885,Winnipeg Jets,5661981,WPG,318,00:05
2015020699,WPG,Jacob,Trouba,2,08:04,09:33,14,,,517,52,#002654,0,8476885,Winnipeg Jets,5661982,WPG,320,01:29
2015020699,WPG,Jacob,Trouba,2,10:41,13:26,15,,,517,52,#002654,0,8476885,Winnipeg Jets,5661983,WPG,329,02:45
2015020699,WPG,Jacob,Trouba,2,15:45,16:33,16,,,517,52,#002654,0,8476885,Winnipeg Jets,5661984,WPG,342,00:48
2015020699,WPG,Jacob,Trouba,2,19:08,20:00,17,,,517,52,#002654,0,8476885,Winnipeg Jets,5661985,WPG,555,00:52
2015020699,WPG,Jacob,Trouba,3,01:31,02:19,18,,,517,52,#002654,0,8476885,Winnipeg Jets,5663127,WPG,560,00:48
2015020699,WPG,Jacob,Trouba,3,03:14,04:55,19,,,517,52,#002654,0,8476885,Winnipeg Jets,5663128,WPG,565,01:41
2015020699,WPG,Jacob,Trouba,3,06:33,06:57,20,,,517,52,#002654,0,8476885,Winnipeg Jets,5663129,WPG,575,00:24
2015020699,WPG,Jacob,Trouba,3,08:23,08:30,21,,,517,52,#002654,0,8476885,Winnipeg Jets,5663130,WPG,584,00:07
2015020699,WPG,Jacob,Trouba,3,09:15,10:20,22,,,517,52,#002654,0,8476885,Winnipeg Jets,5663131,WPG,586,01:05
2015020699,WPG,Jacob,Trouba,3,12:22,13:41,23,,,517,52,#002654,0,8476885,Winnipeg Jets,5663132,WPG,590,01:19
2015020699,WPG,Jacob,Trouba,3,14:51,15:53,24,,,517,52,#002654,0,8476885,Winnipeg Jets,5663133,WPG,596,01:02
2015020699,WPG,Jacob,Trouba,3,16:46,17:28,25,,,517,52,#002654,0,8476885,Winnipeg Jets,5663134,WPG,652,00:42
2015020699,WPG,Jacob,Trouba,3,18:33,19:10,26,,,517,52,#002654,0,8476885,Winnipeg Jets,5663135,WPG,658,00:37
2015020699,NSH,Filip,Forsberg,1,00:35,01:16,1,,,517,18,#FCB514,0,8476887,Nashville Predators,5661986,NSH,151,00:41
2015020699,NSH,Filip,Forsberg,1,03:43,04:16,2,,,517,18,#FCB514,0,8476887,Nashville Predators,5661987,NSH,159,00:33
2015020699,NSH,Filip,Forsberg,1,06:00,07:04,3,,,517,18,#FCB514,0,8476887,Nashville Predators,5661988,NSH,166,01:04
2015020699,NSH,Filip,Forsberg,1,08:00,08:46,4,,,517,18,#FCB514,0,8476887,Nashville Predators,5661989,NSH,173,00:46
2015020699,NSH,Filip,Forsberg,1,11:42,12:26,5,,,517,18,#FCB514,0,8476887,Nashville Predators,5661990,NSH,184,00:44
2015020699,NSH,Filip,Forsberg,1,14:26,15:18,6,,,517,18,#FCB514,0,8476887,Nashville Predators,5661991,NSH,190,00:52
2015020699,NSH,Filip,Forsberg,1,16:07,16:28,7,,,517,18,#FCB514,0,8476887,Nashville Predators,5661992,NSH,194,00:21
2015020699,NSH,Filip,Forsberg,1,18:18,18:24,8,,,517,18,#FCB514,0,8476887,Nashville Predators,5661993,NSH,204,00:06
2015020699,NSH,Filip,Forsberg,1,19:07,20:00,9,,,517,18,#FCB514,0,8476887,Nashville Predators,5661994,NSH,208,00:53
2015020699,NSH,Filip,Forsberg,2,01:15,02:16,10,,,517,18,#FCB514,0,8476887,Nashville Predators,5661995,NSH,213,01:01
2015020699,NSH,Filip,Forsberg,2,04:07,04:17,11,,,517,18,#FCB514,0,8476887,Nashville Predators,5661996,NSH,219,00:10
2015020699,NSH,Filip,Forsberg,2,04:42,05:04,12,,,517,18,#FCB514,0,8476887,Nashville Predators,5661997,NSH,221,00:22
2015020699,NSH,Filip,Forsberg,2,06:40,07:08,13,,,517,18,#FCB514,0,8476887,Nashville Predators,5661998,NSH,228,00:28
2015020699,NSH,Filip,Forsberg,2,08:26,09:42,14,,,517,18,#FCB514,0,8476887,Nashville Predators,5661999,NSH,235,01:16
2015020699,NSH,Filip,Forsberg,2,10:42,11:17,15,,,517,18,#FCB514,0,8476887,Nashville Predators,5662000,NSH,241,00:35
2015020699,NSH,Filip,Forsberg,2,12:01,12:41,16,,,517,18,#FCB514,0,8476887,Nashville Predators,5662001,NSH,245,00:40
2015020699,NSH,Filip,Forsberg,2,13:57,14:37,17,,,517,18,#FCB514,0,8476887,Nashville Predators,5662002,NSH,452,00:40
2015020699,NSH,Filip,Forsberg,2,15:39,16:28,18,,,517,18,#FCB514,0,8476887,Nashville Predators,5662003,NSH,457,00:49
2015020699,NSH,Filip,Forsberg,2,18:41,19:08,19,,,517,18,#FCB514,0,8476887,Nashville Predators,5662004,NSH,467,00:27
2015020699,NSH,Filip,Forsberg,2,19:52,20:00,20,,,517,18,#FCB514,0,8476887,Nashville Predators,5662005,NSH,472,00:08
2015020699,NSH,Filip,Forsberg,3,00:00,00:39,21,,,517,18,#FCB514,0,8476887,Nashville Predators,5663136,NSH,473,00:39
2015020699,NSH,Filip,Forsberg,3,01:42,02:15,22,,,517,18,#FCB514,0,8476887,Nashville Predators,5663137,NSH,478,00:33
2015020699,NSH,Filip,Forsberg,3,05:28,06:36,23,,,517,18,#FCB514,0,8476887,Nashville Predators,5663138,NSH,487,01:08
2015020699,NSH,Filip,Forsberg,3,08:30,09:15,24,,,517,18,#FCB514,0,8476887,Nashville Predators,5663139,NSH,497,00:45
2015020699,NSH,Filip,Forsberg,3,10:17,11:11,25,,,517,18,#FCB514,0,8476887,Nashville Predators,5663140,NSH,500,00:54
2015020699,NSH,Filip,Forsberg,3,12:05,13:02,26,,,517,18,#FCB514,0,8476887,Nashville Predators,5663141,NSH,605,00:57
2015020699,NSH,Filip,Forsberg,3,15:10,15:13,27,,,517,18,#FCB514,0,8476887,Nashville Predators,5663142,NSH,616,00:03
2015020699,NSH,Filip,Forsberg,3,15:55,15:56,28,,,517,18,#FCB514,0,8476887,Nashville Predators,5663143,NSH,620,00:01
2015020699,NSH,Filip,Forsberg,3,16:02,16:48,29,,,517,18,#FCB514,0,8476887,Nashville Predators,5663144,NSH,622,00:46
2015020699,NSH,Filip,Forsberg,3,17:22,17:59,30,,,517,18,#FCB514,0,8476887,Nashville Predators,5663145,NSH,625,00:37
2015020699,NSH,Filip,Forsberg,3,18:05,18:08,31,,,517,18,#FCB514,0,8476887,Nashville Predators,5663146,NSH,630,00:03
2015020699,NSH,Filip,Forsberg,3,19:10,19:46,32,,,517,18,#FCB514,0,8476887,Nashville Predators,5663147,NSH,634,00:36
2015020699,WPG,Connor,Hellebuyck,1,00:00,20:00,1,,,517,52,#002654,0,8476945,Winnipeg Jets,5662006,WPG,3,20:00
2015020699,WPG,Connor,Hellebuyck,2,00:00,11:59,2,,,517,52,#002654,0,8476945,Winnipeg Jets,5662007,WPG,302,11:59
2015020699,WPG,Connor,Hellebuyck,2,12:10,20:00,3,,,517,52,#002654,0,8476945,Winnipeg Jets,5662008,WPG,334,07:50
2015020699,WPG,Connor,Hellebuyck,3,00:00,18:25,4,,,517,52,#002654,0,8476945,Winnipeg Jets,5663148,WPG,556,18:25
2015020699,WPG,Connor,Hellebuyck,3,18:33,20:00,5,,,517,52,#002654,0,8476945,Winnipeg Jets,5663149,WPG,658,01:27
2015020699,WPG,JC,Lipon,1,02:01,02:47,1,,,517,52,#002654,0,8477076,Winnipeg Jets,5662009,WPG,104,00:46
2015020699,WPG,JC,Lipon,1,16:16,16:28,2,,,517,52,#002654,0,8477076,Winnipeg Jets,5662010,WPG,141,00:12
2015020699,WPG,JC,Lipon,1,16:39,17:36,3,,,517,52,#002654,0,8477076,Winnipeg Jets,5662011,WPG,145,00:57
2015020699,WPG,JC,Lipon,2,02:16,02:48,4,,,517,52,#002654,0,8477076,Winnipeg Jets,5662012,WPG,307,00:32
2015020699,WPG,JC,Lipon,2,11:13,12:10,5,,,517,52,#002654,0,8477076,Winnipeg Jets,5662013,WPG,330,00:57
2015020699,WPG,JC,Lipon,2,17:05,18:20,6,,,517,52,#002654,0,8477076,Winnipeg Jets,5662014,WPG,348,01:15
2015020699,WPG,JC,Lipon,3,02:17,02:19,7,,,517,52,#002654,0,8477076,Winnipeg Jets,5663150,WPG,562,00:02
2015020699,WPG,JC,Lipon,3,19:10,20:00,8,,,517,52,#002654,0,8477076,Winnipeg Jets,5663151,WPG,659,00:50
2015020699,WPG,Andrew,Copp,1,01:15,01:55,1,,,517,52,#002654,0,8477429,Winnipeg Jets,5662015,WPG,102,00:40
2015020699,WPG,Andrew,Copp,1,04:16,05:10,2,,,517,52,#002654,0,8477429,Winnipeg Jets,5662016,WPG,109,00:54
2015020699,WPG,Andrew,Copp,1,08:40,09:27,3,,,517,52,#002654,0,8477429,Winnipeg Jets,5662017,WPG,118,00:47
2015020699,WPG,Andrew,Copp,1,15:17,16:05,4,,,517,52,#002654,0,8477429,Winnipeg Jets,5662018,WPG,136,00:48
2015020699,WPG,Andrew,Copp,1,19:15,20:00,5,,,517,52,#002654,0,8477429,Winnipeg Jets,5662019,WPG,301,00:45
2015020699,WPG,Andrew,Copp,2,01:38,02:16,6,,,517,52,#002654,0,8477429,Winnipeg Jets,5662020,WPG,306,00:38
2015020699,WPG,Andrew,Copp,2,05:04,05:38,7,,,517,52,#002654,0,8477429,Winnipeg Jets,5662021,WPG,315,00:34
2015020699,WPG,Andrew,Copp,2,07:03,08:04,8,,,517,52,#002654,0,8477429,Winnipeg Jets,5662022,WPG,318,01:01
2015020699,WPG,Andrew,Copp,2,10:31,11:13,9,,,517,52,#002654,0,8477429,Winnipeg Jets,5662023,WPG,328,00:42
2015020699,WPG,Andrew,Copp,2,14:36,14:40,10,,,517,52,#002654,0,8477429,Winnipeg Jets,5662024,WPG,339,00:04
2015020699,WPG,Andrew,Copp,2,15:33,16:13,11,,,517,52,#002654,0,8477429,Winnipeg Jets,5662025,WPG,341,00:40
2015020699,WPG,Andrew,Copp,3,01:43,02:19,12,,,517,52,#002654,0,8477429,Winnipeg Jets,5663152,WPG,561,00:36
2015020699,WPG,Andrew,Copp,3,05:27,06:07,13,,,517,52,#002654,0,8477429,Winnipeg Jets,5663153,WPG,571,00:40
2015020699,WPG,Andrew,Copp,3,07:45,08:23,14,,,517,52,#002654,0,8477429,Winnipeg Jets,5663154,WPG,580,00:38
2015020699,WPG,Andrew,Copp,3,11:11,12:22,15,,,517,52,#002654,0,8477429,Winnipeg Jets,5663155,WPG,589,01:11
2015020699,WPG,Andrew,Copp,3,14:17,15:08,16,,,517,52,#002654,0,8477429,Winnipeg Jets,5663156,WPG,595,00:51
2015020699,WPG,Andrew,Copp,3,16:46,17:28,17,,,517,52,#002654,0,8477429,Winnipeg Jets,5663157,WPG,652,00:42
2015020699,WPG,Andrew,Copp,3,18:33,19:21,18,,,517,52,#002654,0,8477429,Winnipeg Jets,5663158,WPG,658,00:48
2015020699,WPG,Nikolaj,Ehlers,1,04:16,04:16,0,EVG,"Joel Armia, Mathieu Perreault",505,52,#041E42,803,8477940,Winnipeg Jets,5658353,WPG,57,
2015020699,WPG,Nikolaj,Ehlers,1,00:35,01:15,1,,,517,52,#002654,0,8477940,Winnipeg Jets,5662026,WPG,101,00:40
2015020699,WPG,Nikolaj,Ehlers,1,03:43,04:16,2,,,517,52,#002654,0,8477940,Winnipeg Jets,5662027,WPG,107,00:33
2015020699,WPG,Nikolaj,Ehlers,1,06:03,07:41,3,,,517,52,#002654,0,8477940,Winnipeg Jets,5662028,WPG,114,01:38
2015020699,WPG,Nikolaj,Ehlers,1,09:07,10:24,4,,,517,52,#002654,0,8477940,Winnipeg Jets,5662029,WPG,120,01:17
2015020699,WPG,Nikolaj,Ehlers,1,11:46,12:26,5,,,517,52,#002654,0,8477940,Winnipeg Jets,5662030,WPG,127,00:40
2015020699,WPG,Nikolaj,Ehlers,1,13:26,14:00,6,,,517,52,#002654,0,8477940,Winnipeg Jets,5662031,WPG,131,00:34
2015020699,WPG,Nikolaj,Ehlers,1,17:26,18:13,7,,,517,52,#002654,0,8477940,Winnipeg Jets,5662032,WPG,146,00:47
2015020699,WPG,Nikolaj,Ehlers,2,00:36,01:28,8,,,517,52,#002654,0,8477940,Winnipeg Jets,5662033,WPG,303,00:52
2015020699,WPG,Nikolaj,Ehlers,2,04:10,05:04,9,,,517,52,#002654,0,8477940,Winnipeg Jets,5662034,WPG,313,00:54
2015020699,WPG,Nikolaj,Ehlers,2,06:03,07:03,10,,,517,52,#002654,0,8477940,Winnipeg Jets,5662035,WPG,317,01:00
2015020699,WPG,Nikolaj,Ehlers,2,09:33,10:41,11,,,517,52,#002654,0,8477940,Winnipeg Jets,5662036,WPG,325,01:08
2015020699,WPG,Nikolaj,Ehlers,2,13:42,14:36,12,,,517,52,#002654,0,8477940,Winnipeg Jets,5662037,WPG,337,00:54
2015020699,WPG,Nikolaj,Ehlers,2,16:33,17:05,13,,,517,52,#002654,0,8477940,Winnipeg Jets,5662038,WPG,347,00:32
2015020699,WPG,Nikolaj,Ehlers,2,18:41,20:00,14,,,517,52,#002654,0,8477940,Winnipeg Jets,5662039,WPG,553,01:19
2015020699,WPG,Nikolaj,Ehlers,3,00:41,01:31,15,,,517,52,#002654,0,8477940,Winnipeg Jets,5663159,WPG,558,00:50
2015020699,WPG,Nikolaj,Ehlers,3,03:31,04:19,16,,,517,52,#002654,0,8477940,Winnipeg Jets,5663160,WPG,566,00:48
2015020699,WPG,Nikolaj,Ehlers,3,06:55,06:57,17,,,517,52,#002654,0,8477940,Winnipeg Jets,5663161,WPG,577,00:02
2015020699,WPG,Nikolaj,Ehlers,3,08:22,09:15,18,,,517,52,#002654,0,8477940,Winnipeg Jets,5663162,WPG,583,00:53
2015020699,WPG,Nikolaj,Ehlers,3,10:20,11:11,19,,,517,52,#002654,0,8477940,Winnipeg Jets,5663163,WPG,587,00:51
2015020699,WPG,Nikolaj,Ehlers,3,13:02,14:08,20,,,517,52,#002654,0,8477940,Winnipeg Jets,5663164,WPG,591,01:06
2015020699,WPG,Nikolaj,Ehlers,3,15:13,15:56,21,,,517,52,#002654,0,8477940,Winnipeg Jets,5663165,WPG,598,00:43
2015020699,WPG,Nikolaj,Ehlers,3,17:49,18:33,22,,,517,52,#002654,0,8477940,Winnipeg Jets,5663166,WPG,654,00:44
2015020699,NSH,Kevin,Fiala,1,00:00,00:35,1,,,517,18,#FCB514,0,8477942,Nashville Predators,5662040,NSH,4,00:35
2015020699,NSH,Kevin,Fiala,1,02:47,03:43,2,,,517,18,#FCB514,0,8477942,Nashville Predators,5662041,NSH,158,00:56
2015020699,NSH,Kevin,Fiala,1,04:59,06:00,3,,,517,18,#FCB514,0,8477942,Nashville Predators,5662042,NSH,162,01:01
2015020699,NSH,Kevin,Fiala,1,09:29,10:24,4,,,517,18,#FCB514,0,8477942,Nashville Predators,5662043,NSH,177,00:55
2015020699,NSH,Kevin,Fiala,1,11:16,11:42,5,,,517,18,#FCB514,0,8477942,Nashville Predators,5662044,NSH,183,00:26
2015020699,NSH,Kevin,Fiala,1,15:18,16:07,6,,,517,18,#FCB514,0,8477942,Nashville Predators,5662045,NSH,192,00:49
2015020699,NSH,Kevin,Fiala,1,18:24,19:07,7,,,517,18,#FCB514,0,8477942,Nashville Predators,5662046,NSH,206,00:43
2015020699,NSH,Kevin,Fiala,2,00:00,00:36,8,,,517,18,#FCB514,0,8477942,Nashville Predators,5662047,NSH,211,00:36
2015020699,NSH,Kevin,Fiala,2,03:06,04:07,9,,,517,18,#FCB514,0,8477942,Nashville Predators,5662048,NSH,217,01:01
2015020699,NSH,Kevin,Fiala,2,05:38,06:03,10,,,517,18,#FCB514,0,8477942,Nashville Predators,5662049,NSH,224,00:25
2015020699,NSH,Kevin,Fiala,2,14:40,15:39,11,,,517,18,#FCB514,0,8477942,Nashville Predators,5662050,NSH,456,00:59
2015020699,NSH,Kevin,Fiala,3,03:08,04:19,12,,,517,18,#FCB514,0,8477942,Nashville Predators,5663167,NSH,483,01:11
2015020699,NSH,Kevin,Fiala,3,07:53,08:26,13,,,517,18,#FCB514,0,8477942,Nashville Predators,5663168,NSH,494,00:33
2015020699,NSH,Kevin,Fiala,3,13:02,14:06,14,,,517,18,#FCB514,0,8477942,Nashville Predators,5663169,NSH,609,01:04
