gameId,teamAbbrev,firstName,lastName,period,startTime,endTime,shiftNumber,eventDescription,eventDetails,typeCode,teamId,hexValue,detailCode,playerId,teamName,id,teamAbbrev,eventNumber,duration
2016020265,FLA,Jaromir,Jagr,1,00:25,00:25,0,EVG,"Aleksander Barkov, Keith Yandle",505,13,#041E42,806,8448208,Florida Panthers,6378834,FLA,8,
2016020265,FLA,Jaromir,Jagr,1,00:00,00:25,1,,,517,13,#041E42,0,8448208,Florida Panthers,6378285,FLA,4,00:25
2016020265,FLA,Jaromir,Jagr,1,03:02,03:53,2,,,517,13,#041E42,0,8448208,Florida Panthers,6378286,FLA,158,00:51
2016020265,FLA,Jaromir,Jagr,1,05:22,06:12,3,,,517,13,#041E42,0,8448208,Florida Panthers,6378287,FLA,169,00:50
2016020265,FLA,Jaromir,Jagr,1,11:10,12:00,4,,,517,13,#041E42,0,8448208,Florida Panthers,6378288,FLA,187,00:50
2016020265,FLA,Jaromir,Jagr,1,14:33,15:48,5,,,517,13,#041E42,0,8448208,Florida Panthers,6378289,FLA,195,01:15
2016020265,FLA,Jaromir,Jagr,1,18:11,18:56,6,,,517,13,#041E42,0,8448208,Florida Panthers,6378290,FLA,310,00:45
2016020265,FLA,Jaromir,Jagr,2,00:00,00:53,7,,,517,13,#041E42,0,8448208,Florida Panthers,6380474,FLA,317,00:53
2016020265,FLA,Jaromir,Jagr,2,04:14,05:00,8,,,517,13,#041E42,0,8448208,Florida Panthers,6380475,FLA,333,00:46
2016020265,FLA,Jaromir,Jagr,2,07:23,07:57,9,,,517,13,#041E42,0,8448208,Florida Panthers,6380476,FLA,343,00:34
2016020265,FLA,Jaromir,Jagr,2,09:57,10:59,10,,,517,13,#041E42,0,8448208,Florida Panthers,6380477,FLA,347,01:02
2016020265,FLA,Jaromir,Jagr,2,13:55,14:49,11,,,517,13,#041E42,0,8448208,Florida Panthers,6380478,FLA,509,00:54
2016020265,FLA,Jaromir,Jagr,2,17:33,18:40,12,,,517,13,#041E42,0,8448208,Florida Panthers,6380479,FLA,522,01:07
2016020265,FLA,Jaromir,Jagr,3,00:00,00:28,13,,,517,13,#041E42,0,8448208,Florida Panthers,6380480,FLA,530,00:28
2016020265,FLA,Jaromir,Jagr,3,01:49,02:36,14,,,517,13,#041E42,0,8448208,Florida Panthers,6380481,FLA,535,00:47
2016020265,FLA,Jaromir,Jagr,3,05:34,06:49,15,,,517,13,#041E42,0,8448208,Florida Panthers,6380482,FLA,549,01:15
2016020265,FLA,Jaromir,Jagr,3,08:36,09:16,16,,,517,13,#041E42,0,8448208,Florida Panthers,6380483,FLA,756,00:40
2016020265,FLA,Jaromir,Jagr,3,10:37,11:16,17,,,517,13,#041E42,0,8448208,Florida Panthers,6380484,FLA,761,00:39
2016020265,FLA,Jaromir,Jagr,3,13:21,13:28,18,,,517,13,#041E42,0,8448208,Florida Panthers,6380485,FLA,774,00:07
2016020265,FLA,Jaromir,Jagr,3,15:07,15:52,19,,,517,13,#041E42,0,8448208,Florida Panthers,6380486,FLA,780,00:45
2016020265,FLA,Jaromir,Jagr,3,17:38,18:40,20,,,517,13,#041E42,0,8448208,Florida Panthers,6380487,FLA,788,01:02
2016020265,FLA,Shawn,Thornton,1,01:55,03:02,1,,,517,13,#041E42,0,8465978,Florida Panthers,6378291,FLA,156,01:07
2016020265,FLA,Shawn,Thornton,1,05:15,05:22,2,,,517,13,#041E42,0,8465978,Florida Panthers,6378292,FLA,167,00:07
2016020265,FLA,Shawn,Thornton,1,06:12,06:15,3,,,517,13,#041E42,0,8465978,Florida Panthers,6378293,FLA,173,00:03
2016020265,FLA,Shawn,Thornton,1,06:34,07:08,4,,,517,13,#041E42,0,8465978,Florida Panthers,6378294,FLA,175,00:34
2016020265,FLA,Shawn,Thornton,1,12:20,12:53,5,,,517,13,#041E42,0,8465978,Florida Panthers,6378295,FLA,191,00:33
2016020265,FLA,Shawn,Thornton,1,15:48,16:35,6,,,517,13,#041E42,0,8465978,Florida Panthers,6378296,FLA,200,00:47
2016020265,FLA,Shawn,Thornton,1,19:27,20:00,7,,,517,13,#041E42,0,8465978,Florida Panthers,6378297,FLA,315,00:33
2016020265,FLA,Shawn,Thornton,2,03:15,04:14,8,,,517,13,#041E42,0,8465978,Florida Panthers,6380488,FLA,329,00:59
2016020265,FLA,Shawn,Thornton,2,06:52,07:23,9,,,517,13,#041E42,0,8465978,Florida Panthers,6380489,FLA,339,00:31
2016020265,FLA,Shawn,Thornton,2,12:39,13:40,10,,,517,13,#041E42,0,8465978,Florida Panthers,6380490,FLA,503,01:01
2016020265,FLA,Shawn,Thornton,2,16:42,17:31,11,,,517,13,#041E42,0,8465978,Florida Panthers,6380491,FLA,517,00:49
2016020265,FLA,Shawn,Thornton,3,03:43,04:13,12,,,517,13,#041E42,0,8465978,Florida Panthers,6380492,FLA,545,00:30
2016020265,FLA,Shawn,Thornton,3,13:09,13:21,13,,,517,13,#041E42,0,8465978,Florida Panthers,6380493,FLA,773,00:12
2016020265,FLA,Shawn,Thornton,3,14:24,15:07,14,,,517,13,#041E42,0,8465978,Florida Panthers,6380494,FLA,778,00:43
2016020265,FLA,Shawn,Thornton,3,16:45,17:38,15,,,517,13,#041E42,0,8465978,Florida Panthers,6380495,FLA,787,00:53
2016020265,FLA,Shawn,Thornton,3,19:41,20:00,16,,,517,13,#041E42,0,8465978,Florida Panthers,6380496,FLA,792,00:19
2016020265,FLA,Roberto,Luongo,1,00:00,20:00,1,,,517,13,#041E42,0,8466141,Florida Panthers,6378298,FLA,4,20:00
2016020265,FLA,Roberto,Luongo,2,00:00,20:00,2,,,517,13,#041E42,0,8466141,Florida Panthers,6380497,FLA,317,20:00
2016020265,FLA,Roberto,Luongo,3,00:00,20:00,3,,,517,13,#041E42,0,8466141,Florida Panthers,6380498,FLA,530,20:00
2016020265,OTT,Chris,Neil,1,02:05,03:02,1,,,517,9,#C8102E,0,8467493,Ottawa Senators,6378299,OTT,205,00:57
2016020265,OTT,Chris,Neil,1,06:10,07:01,2,,,517,9,#C8102E,0,8467493,Ottawa Senators,6378300,OTT,219,00:51
2016020265,OTT,Chris,Neil,1,12:00,12:53,3,,,517,9,#C8102E,0,8467493,Ottawa Senators,6378301,OTT,230,00:53
2016020265,OTT,Chris,Neil,1,15:37,16:30,4,,,517,9,#C8102E,0,8467493,Ottawa Senators,6378302,OTT,237,00:53
2016020265,OTT,Chris,Neil,2,02:52,03:41,5,,,517,9,#C8102E,0,8467493,Ottawa Senators,6380499,OTT,356,00:49
2016020265,OTT,Chris,Neil,2,06:34,07:43,6,,,517,9,#C8102E,0,8467493,Ottawa Senators,6380500,OTT,369,01:09
2016020265,OTT,Chris,Neil,2,11:02,12:04,7,,,517,9,#C8102E,0,8467493,Ottawa Senators,6380501,OTT,379,01:02
2016020265,OTT,Chris,Neil,2,13:00,13:35,8,,,517,9,#C8102E,0,8467493,Ottawa Senators,6380502,OTT,385,00:35
2016020265,OTT,Chris,Neil,2,17:51,18:58,9,,,517,9,#C8102E,0,8467493,Ottawa Senators,6380503,OTT,397,01:07
2016020265,OTT,Chris,Neil,3,02:39,03:33,10,,,517,9,#C8102E,0,8467493,Ottawa Senators,6380504,OTT,612,00:54
2016020265,OTT,Chris,Neil,3,08:31,08:36,11,,,517,9,#C8102E,0,8467493,Ottawa Senators,6380505,OTT,632,00:05
2016020265,OTT,Chris,Neil,3,09:16,09:24,12,,,517,9,#C8102E,0,8467493,Ottawa Senators,6380506,OTT,634,00:08
2016020265,OTT,Chris,Neil,3,11:53,12:49,13,,,517,9,#C8102E,0,8467493,Ottawa Senators,6380507,OTT,644,00:56
2016020265,OTT,Chris,Neil,3,19:41,20:00,14,,,517,9,#C8102E,0,8467493,Ottawa Senators,6380508,OTT,819,00:19
2016020265,OTT,Craig,Anderson,1,00:00,20:00,1,,,517,9,#C8102E,0,8467950,Ottawa Senators,6378303,OTT,3,20:00
2016020265,OTT,Craig,Anderson,2,00:00,07:39,2,,,517,9,#C8102E,0,8467950,Ottawa Senators,6380509,OTT,250,07:39
2016020265,OTT,Craig,Anderson,2,07:57,20:00,3,,,517,9,#C8102E,0,8467950,Ottawa Senators,6380510,OTT,373,12:03
2016020265,OTT,Craig,Anderson,3,00:00,20:00,4,,,517,9,#C8102E,0,8467950,Ottawa Senators,6380511,OTT,605,20:00
2016020265,OTT,Chris,Kelly,1,00:25,01:28,1,,,517,9,#C8102E,0,8467967,Ottawa Senators,6378304,OTT,201,01:03
2016020265,OTT,Chris,Kelly,1,04:23,04:56,2,,,517,9,#C8102E,0,8467967,Ottawa Senators,6378305,OTT,212,00:33
2016020265,OTT,Chris,Kelly,1,06:45,07:39,3,,,517,9,#C8102E,0,8467967,Ottawa Senators,6378306,OTT,220,00:54
2016020265,OTT,Chris,Kelly,1,13:27,14:29,4,,,517,9,#C8102E,0,8467967,Ottawa Senators,6378307,OTT,234,01:02
2016020265,OTT,Chris,Kelly,1,14:48,15:40,5,,,517,9,#C8102E,0,8467967,Ottawa Senators,6378308,OTT,236,00:52
2016020265,OTT,Chris,Kelly,1,18:20,19:00,6,,,517,9,#C8102E,0,8467967,Ottawa Senators,6378309,OTT,246,00:40
2016020265,OTT,Chris,Kelly,2,00:00,00:53,7,,,517,9,#C8102E,0,8467967,Ottawa Senators,6380512,OTT,250,00:53
2016020265,OTT,Chris,Kelly,2,03:41,04:42,8,,,517,9,#C8102E,0,8467967,Ottawa Senators,6380513,OTT,359,01:01
2016020265,OTT,Chris,Kelly,2,09:54,10:45,9,,,517,9,#C8102E,0,8467967,Ottawa Senators,6380514,OTT,376,00:51
2016020265,OTT,Chris,Kelly,2,13:35,14:40,10,,,517,9,#C8102E,0,8467967,Ottawa Senators,6380515,OTT,386,01:05
2016020265,OTT,Chris,Kelly,2,16:47,17:51,11,,,517,9,#C8102E,0,8467967,Ottawa Senators,6380516,OTT,396,01:04
2016020265,OTT,Chris,Kelly,3,00:00,00:28,12,,,517,9,#C8102E,0,8467967,Ottawa Senators,6380517,OTT,605,00:28
2016020265,OTT,Chris,Kelly,3,01:49,02:39,13,,,517,9,#C8102E,0,8467967,Ottawa Senators,6380518,OTT,610,00:50
2016020265,OTT,Chris,Kelly,3,04:45,05:03,14,,,517,9,#C8102E,0,8467967,Ottawa Senators,6380519,OTT,620,00:18
2016020265,OTT,Chris,Kelly,3,07:07,07:19,15,,,517,9,#C8102E,0,8467967,Ottawa Senators,6380520,OTT,626,00:12
2016020265,OTT,Chris,Kelly,3,08:36,09:16,16,,,517,9,#C8102E,0,8467967,Ottawa Senators,6380521,OTT,633,00:40
2016020265,OTT,Chris,Kelly,3,11:02,11:43,17,,,517,9,#C8102E,0,8467967,Ottawa Senators,6380522,OTT,640,00:41
2016020265,OTT,Chris,Kelly,3,15:06,15:54,18,,,517,9,#C8102E,0,8467967,Ottawa Senators,6380523,OTT,805,00:48
2016020265,FLA,Derek,MacKenzie,1,01:48,03:02,1,,,517,13,#041E42,0,8468001,Florida Panthers,6378310,FLA,155,01:14
2016020265,FLA,Derek,MacKenzie,1,05:15,05:22,2,,,517,13,#041E42,0,8468001,Florida Panthers,6378311,FLA,167,00:07
2016020265,FLA,Derek,MacKenzie,1,06:06,07:08,3,,,517,13,#041E42,0,8468001,Florida Panthers,6378312,FLA,172,01:02
2016020265,FLA,Derek,MacKenzie,1,09:37,10:11,4,,,517,13,#041E42,0,8468001,Florida Panthers,6378313,FLA,183,00:34
2016020265,FLA,Derek,MacKenzie,1,12:20,12:53,5,,,517,13,#041E42,0,8468001,Florida Panthers,6378314,FLA,191,00:33
2016020265,FLA,Derek,MacKenzie,1,15:43,16:35,6,,,517,13,#041E42,0,8468001,Florida Panthers,6378315,FLA,199,00:52
2016020265,FLA,Derek,MacKenzie,1,19:27,20:00,7,,,517,13,#041E42,0,8468001,Florida Panthers,6378316,FLA,315,00:33
2016020265,FLA,Derek,MacKenzie,2,02:44,03:42,8,,,517,13,#041E42,0,8468001,Florida Panthers,6380524,FLA,326,00:58
2016020265,FLA,Derek,MacKenzie,2,06:40,06:55,9,,,517,13,#041E42,0,8468001,Florida Panthers,6380525,FLA,338,00:15
2016020265,FLA,Derek,MacKenzie,2,09:30,10:09,10,,,517,13,#041E42,0,8468001,Florida Panthers,6380526,FLA,346,00:39
2016020265,FLA,Derek,MacKenzie,2,12:39,13:26,11,,,517,13,#041E42,0,8468001,Florida Panthers,6380527,FLA,503,00:47
2016020265,FLA,Derek,MacKenzie,2,16:39,17:20,12,,,517,13,#041E42,0,8468001,Florida Panthers,6380528,FLA,516,00:41
2016020265,FLA,Derek,MacKenzie,2,19:45,20:00,13,,,517,13,#041E42,0,8468001,Florida Panthers,6380529,FLA,529,00:15
2016020265,FLA,Derek,MacKenzie,3,09:16,09:16,0,EVG,Jaromir Jagr,505,13,#041E42,803,8468001,Florida Panthers,6383201,FLA,713,
2016020265,FLA,Derek,MacKenzie,3,00:00,00:28,14,,,517,13,#041E42,0,8468001,Florida Panthers,6380530,FLA,530,00:28
2016020265,FLA,Derek,MacKenzie,3,01:49,02:30,15,,,517,13,#041E42,0,8468001,Florida Panthers,6380531,FLA,535,00:41
2016020265,FLA,Derek,MacKenzie,3,03:43,04:13,16,,,517,13,#041E42,0,8468001,Florida Panthers,6380532,FLA,545,00:30
2016020265,FLA,Derek,MacKenzie,3,05:42,06:45,17,,,517,13,#041E42,0,8468001,Florida Panthers,6380533,FLA,550,01:03
2016020265,FLA,Derek,MacKenzie,3,08:36,09:16,18,,,517,13,#041E42,0,8468001,Florida Panthers,6380534,FLA,756,00:40
2016020265,FLA,Derek,MacKenzie,3,11:01,11:45,19,,,517,13,#041E42,0,8468001,Florida Panthers,6380535,FLA,762,00:44
2016020265,FLA,Derek,MacKenzie,3,13:09,13:28,20,,,517,13,#041E42,0,8468001,Florida Panthers,6380536,FLA,773,00:19
2016020265,FLA,Derek,MacKenzie,3,15:02,15:55,21,,,517,13,#041E42,0,8468001,Florida Panthers,6380537,FLA,779,00:53
2016020265,FLA,Derek,MacKenzie,3,17:38,18:40,22,,,517,13,#041E42,0,8468001,Florida Panthers,6380538,FLA,788,01:02
2016020265,FLA,Jussi,Jokinen,1,12:00,12:00,0,EVG,"Aleksander Barkov, Jaromir Jagr",505,13,#041E42,803,8469638,Florida Panthers,6378835,FLA,44,
2016020265,FLA,Jussi,Jokinen,1,00:00,00:25,1,,,517,13,#041E42,0,8469638,Florida Panthers,6378317,FLA,4,00:25
2016020265,FLA,Jussi,Jokinen,1,03:02,03:48,2,,,517,13,#041E42,0,8469638,Florida Panthers,6378318,FLA,158,00:46
2016020265,FLA,Jussi,Jokinen,1,05:22,05:56,3,,,517,13,#041E42,0,8469638,Florida Panthers,6378319,FLA,169,00:34
2016020265,FLA,Jussi,Jokinen,1,08:26,09:37,4,,,517,13,#041E42,0,8469638,Florida Panthers,6378320,FLA,182,01:11
2016020265,FLA,Jussi,Jokinen,1,11:10,12:00,5,,,517,13,#041E42,0,8469638,Florida Panthers,6378321,FLA,187,00:50
2016020265,FLA,Jussi,Jokinen,1,14:33,14:48,6,,,517,13,#041E42,0,8469638,Florida Panthers,6378322,FLA,195,00:15
2016020265,FLA,Jussi,Jokinen,1,18:07,18:56,7,,,517,13,#041E42,0,8469638,Florida Panthers,6378323,FLA,309,00:49
2016020265,FLA,Jussi,Jokinen,2,00:00,00:49,8,,,517,13,#041E42,0,8469638,Florida Panthers,6380539,FLA,317,00:49
2016020265,FLA,Jussi,Jokinen,2,03:57,04:50,9,,,517,13,#041E42,0,8469638,Florida Panthers,6380540,FLA,332,00:53
2016020265,FLA,Jussi,Jokinen,2,07:21,07:57,10,,,517,13,#041E42,0,8469638,Florida Panthers,6380541,FLA,342,00:36
2016020265,FLA,Jussi,Jokinen,2,09:07,09:30,11,,,517,13,#041E42,0,8469638,Florida Panthers,6380542,FLA,345,00:23
2016020265,FLA,Jussi,Jokinen,2,10:09,10:54,12,,,517,13,#041E42,0,8469638,Florida Panthers,6380543,FLA,348,00:45
2016020265,FLA,Jussi,Jokinen,2,13:55,14:41,13,,,517,13,#041E42,0,8469638,Florida Panthers,6380544,FLA,509,00:46
2016020265,FLA,Jussi,Jokinen,2,17:31,18:32,14,,,517,13,#041E42,0,8469638,Florida Panthers,6380545,FLA,521,01:01
2016020265,FLA,Jussi,Jokinen,3,00:00,00:28,15,,,517,13,#041E42,0,8469638,Florida Panthers,6380546,FLA,530,00:28
2016020265,FLA,Jussi,Jokinen,3,01:49,02:33,16,,,517,13,#041E42,0,8469638,Florida Panthers,6380547,FLA,535,00:44
2016020265,FLA,Jussi,Jokinen,3,05:42,06:49,17,,,517,13,#041E42,0,8469638,Florida Panthers,6380548,FLA,550,01:07
2016020265,FLA,Jussi,Jokinen,3,08:36,09:16,18,,,517,13,#041E42,0,8469638,Florida Panthers,6380549,FLA,756,00:40
2016020265,FLA,Jussi,Jokinen,3,11:06,11:42,19,,,517,13,#041E42,0,8469638,Florida Panthers,6380550,FLA,763,00:36
2016020265,FLA,Jussi,Jokinen,3,13:21,13:28,20,,,517,13,#041E42,0,8469638,Florida Panthers,6380551,FLA,774,00:07
2016020265,FLA,Jussi,Jokinen,3,15:16,15:59,21,,,517,13,#041E42,0,8469638,Florida Panthers,6380552,FLA,782,00:43
2016020265,FLA,Jussi,Jokinen,3,17:44,18:40,22,,,517,13,#041E42,0,8469638,Florida Panthers,6380553,FLA,789,00:56
2016020265,OTT,Dion,Phaneuf,1,00:00,00:25,1,,,517,9,#C8102E,0,8470602,Ottawa Senators,6378324,OTT,3,00:25
2016020265,OTT,Dion,Phaneuf,1,02:24,03:02,2,,,517,9,#C8102E,0,8470602,Ottawa Senators,6378325,OTT,207,00:38
2016020265,OTT,Dion,Phaneuf,1,03:50,04:30,3,,,517,9,#C8102E,0,8470602,Ottawa Senators,6378326,OTT,210,00:40
2016020265,OTT,Dion,Phaneuf,1,05:20,06:07,4,,,517,9,#C8102E,0,8470602,Ottawa Senators,6378327,OTT,215,00:47
2016020265,OTT,Dion,Phaneuf,1,08:23,08:26,5,,,517,9,#C8102E,0,8470602,Ottawa Senators,6378328,OTT,223,00:03
2016020265,OTT,Dion,Phaneuf,1,09:37,10:21,6,,,517,9,#C8102E,0,8470602,Ottawa Senators,6378329,OTT,225,00:44
2016020265,OTT,Dion,Phaneuf,1,11:10,11:49,7,,,517,9,#C8102E,0,8470602,Ottawa Senators,6378330,OTT,228,00:39
2016020265,OTT,Dion,Phaneuf,1,12:53,13:27,8,,,517,9,#C8102E,0,8470602,Ottawa Senators,6378331,OTT,233,00:34
2016020265,OTT,Dion,Phaneuf,1,14:48,15:40,9,,,517,9,#C8102E,0,8470602,Ottawa Senators,6378332,OTT,236,00:52
2016020265,OTT,Dion,Phaneuf,1,17:05,17:43,10,,,517,9,#C8102E,0,8470602,Ottawa Senators,6378333,OTT,241,00:38
2016020265,OTT,Dion,Phaneuf,1,18:52,19:27,11,,,517,9,#C8102E,0,8470602,Ottawa Senators,6378334,OTT,247,00:35
2016020265,OTT,Dion,Phaneuf,2,00:53,02:08,12,,,517,9,#C8102E,0,8470602,Ottawa Senators,6380554,OTT,352,01:15
2016020265,OTT,Dion,Phaneuf,2,04:07,04:58,13,,,517,9,#C8102E,0,8470602,Ottawa Senators,6380555,OTT,360,00:51
2016020265,OTT,Dion,Phaneuf,2,05:54,06:03,14,,,517,9,#C8102E,0,8470602,Ottawa Senators,6380556,OTT,367,00:09
2016020265,OTT,Dion,Phaneuf,2,09:07,10:09,15,,,517,9,#C8102E,0,8470602,Ottawa Senators,6380557,OTT,374,01:02
2016020265,OTT,Dion,Phaneuf,2,11:02,11:13,16,,,517,9,#C8102E,0,8470602,Ottawa Senators,6380558,OTT,379,00:11
2016020265,OTT,Dion,Phaneuf,2,11:48,12:39,17,,,517,9,#C8102E,0,8470602,Ottawa Senators,6380559,OTT,382,00:51
2016020265,OTT,Dion,Phaneuf,2,13:55,15:05,18,,,517,9,#C8102E,0,8470602,Ottawa Senators,6380560,OTT,388,01:10
2016020265,OTT,Dion,Phaneuf,2,16:47,18:08,19,,,517,9,#C8102E,0,8470602,Ottawa Senators,6380561,OTT,396,01:21
2016020265,OTT,Dion,Phaneuf,2,19:45,20:00,20,,,517,9,#C8102E,0,8470602,Ottawa Senators,6380562,OTT,604,00:15
2016020265,OTT,Dion,Phaneuf,3,00:28,01:15,21,,,517,9,#C8102E,0,8470602,Ottawa Senators,6380563,OTT,606,00:47
2016020265,OTT,Dion,Phaneuf,3,02:31,03:38,22,,,517,9,#C8102E,0,8470602,Ottawa Senators,6380564,OTT,611,01:07
2016020265,OTT,Dion,Phaneuf,3,04:45,05:03,23,,,517,9,#C8102E,0,8470602,Ottawa Senators,6380565,OTT,620,00:18
2016020265,OTT,Dion,Phaneuf,3,05:44,06:10,24,,,517,9,#C8102E,0,8470602,Ottawa Senators,6380566,OTT,622,00:26
2016020265,OTT,Dion,Phaneuf,3,06:48,07:19,25,,,517,9,#C8102E,0,8470602,Ottawa Senators,6380567,OTT,625,00:31
2016020265,OTT,Dion,Phaneuf,3,08:07,08:31,26,,,517,9,#C8102E,0,8470602,Ottawa Senators,6380568,OTT,631,00:24
2016020265,OTT,Dion,Phaneuf,3,08:36,09:16,27,,,517,9,#C8102E,0,8470602,Ottawa Senators,6380569,OTT,633,00:40
2016020265,OTT,Dion,Phaneuf,3,11:06,11:43,28,,,517,9,#C8102E,0,8470602,Ottawa Senators,6380570,OTT,641,00:37
2016020265,OTT,Dion,Phaneuf,3,12:27,12:56,29,,,517,9,#C8102E,0,8470602,Ottawa Senators,6380571,OTT,645,00:29
2016020265,OTT,Dion,Phaneuf,3,13:28,14:02,30,,,517,9,#C8102E,0,8470602,Ottawa Senators,6380572,OTT,650,00:34
2016020265,OTT,Dion,Phaneuf,3,15:06,16:01,31,,,517,9,#C8102E,0,8470602,Ottawa Senators,6380573,OTT,805,00:55
2016020265,OTT,Dion,Phaneuf,3,17:40,18:51,32,,,517,9,#C8102E,0,8470602,Ottawa Senators,6380574,OTT,813,01:11
2016020265,OTT,Marc,Methot,1,00:25,01:28,1,,,517,9,#C8102E,0,8470760,Ottawa Senators,6378335,OTT,201,01:03
2016020265,OTT,Marc,Methot,1,01:53,02:24,2,,,517,9,#C8102E,0,8470760,Ottawa Senators,6378336,OTT,204,00:31
2016020265,OTT,Marc,Methot,1,03:02,03:50,3,,,517,9,#C8102E,0,8470760,Ottawa Senators,6378337,OTT,208,00:48
2016020265,OTT,Marc,Methot,1,06:45,08:23,4,,,517,9,#C8102E,0,8470760,Ottawa Senators,6378338,OTT,220,01:38
2016020265,OTT,Marc,Methot,1,10:21,11:10,5,,,517,9,#C8102E,0,8470760,Ottawa Senators,6378339,OTT,226,00:49
2016020265,OTT,Marc,Methot,1,12:20,12:53,6,,,517,9,#C8102E,0,8470760,Ottawa Senators,6378340,OTT,231,00:33
2016020265,OTT,Marc,Methot,1,13:27,14:29,7,,,517,9,#C8102E,0,8470760,Ottawa Senators,6378341,OTT,234,01:02
2016020265,OTT,Marc,Methot,1,16:23,17:05,8,,,517,9,#C8102E,0,8470760,Ottawa Senators,6378342,OTT,239,00:42
2016020265,OTT,Marc,Methot,1,18:02,18:52,9,,,517,9,#C8102E,0,8470760,Ottawa Senators,6378343,OTT,245,00:50
2016020265,OTT,Marc,Methot,1,19:27,20:00,10,,,517,9,#C8102E,0,8470760,Ottawa Senators,6378344,OTT,249,00:33
2016020265,OTT,Marc,Methot,2,00:00,00:53,11,,,517,9,#C8102E,0,8470760,Ottawa Senators,6380575,OTT,250,00:53
2016020265,OTT,Marc,Methot,2,03:15,04:07,12,,,517,9,#C8102E,0,8470760,Ottawa Senators,6380576,OTT,357,00:52
2016020265,OTT,Marc,Methot,2,05:00,05:20,13,,,517,9,#C8102E,0,8470760,Ottawa Senators,6380577,OTT,365,00:20
2016020265,OTT,Marc,Methot,2,06:34,07:57,14,,,517,9,#C8102E,0,8470760,Ottawa Senators,6380578,OTT,369,01:23
2016020265,OTT,Marc,Methot,2,11:13,11:48,15,,,517,9,#C8102E,0,8470760,Ottawa Senators,6380579,OTT,380,00:35
2016020265,OTT,Marc,Methot,2,13:00,13:55,16,,,517,9,#C8102E,0,8470760,Ottawa Senators,6380580,OTT,385,00:55
2016020265,OTT,Marc,Methot,2,15:05,16:03,17,,,517,9,#C8102E,0,8470760,Ottawa Senators,6380581,OTT,391,00:58
2016020265,OTT,Marc,Methot,2,18:08,18:57,18,,,517,9,#C8102E,0,8470760,Ottawa Senators,6380582,OTT,399,00:49
2016020265,OTT,Marc,Methot,3,00:00,00:28,19,,,517,9,#C8102E,0,8470760,Ottawa Senators,6380583,OTT,605,00:28
2016020265,OTT,Marc,Methot,3,01:49,02:31,20,,,517,9,#C8102E,0,8470760,Ottawa Senators,6380584,OTT,610,00:42
2016020265,OTT,Marc,Methot,3,04:22,04:45,21,,,517,9,#C8102E,0,8470760,Ottawa Senators,6380585,OTT,619,00:23
2016020265,OTT,Marc,Methot,3,05:03,05:44,22,,,517,9,#C8102E,0,8470760,Ottawa Senators,6380586,OTT,621,00:41
2016020265,OTT,Marc,Methot,3,07:19,08:07,23,,,517,9,#C8102E,0,8470760,Ottawa Senators,6380587,OTT,627,00:48
2016020265,OTT,Marc,Methot,3,09:53,10:36,24,,,517,9,#C8102E,0,8470760,Ottawa Senators,6380588,OTT,636,00:43
2016020265,OTT,Marc,Methot,3,11:43,12:27,25,,,517,9,#C8102E,0,8470760,Ottawa Senators,6380589,OTT,643,00:44
2016020265,OTT,Marc,Methot,3,14:02,14:27,26,,,517,9,#C8102E,0,8470760,Ottawa Senators,6380590,OTT,801,00:25
2016020265,OTT,Marc,Methot,3,16:45,17:40,27,,,517,9,#C8102E,0,8470760,Ottawa Senators,6380591,OTT,812,00:55
2016020265,OTT,Marc,Methot,3,19:35,20:00,28,,,517,9,#C8102E,0,8470760,Ottawa Senators,6380592,OTT,818,00:25
2016020265,FLA,Jakub,Kindl,1,00:25,01:21,1,,,517,13,#041E42,0,8471693,Florida Panthers,6378345,FLA,151,00:56
2016020265,FLA,Jakub,Kindl,1,03:02,04:03,2,,,517,13,#041E42,0,8471693,Florida Panthers,6378346,FLA,158,01:01
2016020265,FLA,Jakub,Kindl,1,05:22,06:03,3,,,517,13,#041E42,0,8471693,Florida Panthers,6378347,FLA,169,00:41
2016020265,FLA,Jakub,Kindl,1,07:39,08:26,4,,,517,13,#041E42,0,8471693,Florida Panthers,6378348,FLA,179,00:47
2016020265,FLA,Jakub,Kindl,1,10:26,11:10,5,,,517,13,#041E42,0,8471693,Florida Panthers,6378349,FLA,186,00:44
2016020265,FLA,Jakub,Kindl,1,12:53,13:21,6,,,517,13,#041E42,0,8471693,Florida Panthers,6378350,FLA,192,00:28
2016020265,FLA,Jakub,Kindl,1,16:12,16:56,7,,,517,13,#041E42,0,8471693,Florida Panthers,6378351,FLA,301,00:44
2016020265,FLA,Jakub,Kindl,1,18:46,19:27,8,,,517,13,#041E42,0,8471693,Florida Panthers,6378352,FLA,311,00:41
2016020265,FLA,Jakub,Kindl,2,00:53,01:35,9,,,517,13,#041E42,0,8471693,Florida Panthers,6380593,FLA,320,00:42
2016020265,FLA,Jakub,Kindl,2,03:47,05:00,10,,,517,13,#041E42,0,8471693,Florida Panthers,6380594,FLA,331,01:13
2016020265,FLA,Jakub,Kindl,2,07:23,07:57,11,,,517,13,#041E42,0,8471693,Florida Panthers,6380595,FLA,343,00:34
2016020265,FLA,Jakub,Kindl,2,10:09,10:54,12,,,517,13,#041E42,0,8471693,Florida Panthers,6380596,FLA,348,00:45
2016020265,FLA,Jakub,Kindl,2,13:19,13:49,13,,,517,13,#041E42,0,8471693,Florida Panthers,6380597,FLA,504,00:30
2016020265,FLA,Jakub,Kindl,2,16:10,17:00,14,,,517,13,#041E42,0,8471693,Florida Panthers,6380598,FLA,515,00:50
2016020265,FLA,Jakub,Kindl,2,18:40,19:18,15,,,517,13,#041E42,0,8471693,Florida Panthers,6380599,FLA,526,00:38
2016020265,FLA,Jakub,Kindl,3,01:13,02:09,16,,,517,13,#041E42,0,8471693,Florida Panthers,6380600,FLA,532,00:56
2016020265,FLA,Jakub,Kindl,3,03:41,04:13,17,,,517,13,#041E42,0,8471693,Florida Panthers,6380601,FLA,544,00:32
2016020265,FLA,Jakub,Kindl,3,05:42,06:10,18,,,517,13,#041E42,0,8471693,Florida Panthers,6380602,FLA,550,00:28
2016020265,FLA,Jakub,Kindl,3,07:54,09:12,19,,,517,13,#041E42,0,8471693,Florida Panthers,6380603,FLA,755,01:18
2016020265,FLA,Jakub,Kindl,3,11:01,11:55,20,,,517,13,#041E42,0,8471693,Florida Panthers,6380604,FLA,762,00:54
2016020265,FLA,Jakub,Kindl,3,13:48,14:24,21,,,517,13,#041E42,0,8471693,Florida Panthers,6380605,FLA,776,00:36
2016020265,FLA,Jakub,Kindl,3,15:59,16:38,22,,,517,13,#041E42,0,8471693,Florida Panthers,6380606,FLA,785,00:39
2016020265,FLA,Jakub,Kindl,3,18:40,19:41,23,,,517,13,#041E42,0,8471693,Florida Panthers,6380607,FLA,790,01:01
2016020265,FLA,Keith,Yandle,1,00:00,00:25,1,,,517,13,#041E42,0,8471735,Florida Panthers,6378353,FLA,4,00:25
2016020265,FLA,Keith,Yandle,1,02:13,03:02,2,,,517,13,#041E42,0,8471735,Florida Panthers,6378354,FLA,157,00:49
2016020265,FLA,Keith,Yandle,1,04:41,05:22,3,,,517,13,#041E42,0,8471735,Florida Panthers,6378355,FLA,164,00:41
2016020265,FLA,Keith,Yandle,1,07:02,07:39,4,,,517,13,#041E42,0,8471735,Florida Panthers,6378356,FLA,176,00:37
2016020265,FLA,Keith,Yandle,1,09:37,10:11,5,,,517,13,#041E42,0,8471735,Florida Panthers,6378357,FLA,183,00:34
2016020265,FLA,Keith,Yandle,1,11:10,11:59,6,,,517,13,#041E42,0,8471735,Florida Panthers,6378358,FLA,187,00:49
2016020265,FLA,Keith,Yandle,1,13:21,14:39,7,,,517,13,#041E42,0,8471735,Florida Panthers,6378359,FLA,193,01:18
2016020265,FLA,Keith,Yandle,1,16:56,17:31,8,,,517,13,#041E42,0,8471735,Florida Panthers,6378360,FLA,305,00:35
2016020265,FLA,Keith,Yandle,1,19:27,20:00,9,,,517,13,#041E42,0,8471735,Florida Panthers,6378361,FLA,315,00:33
2016020265,FLA,Keith,Yandle,2,00:00,00:52,10,,,517,13,#041E42,0,8471735,Florida Panthers,6380608,FLA,317,00:52
2016020265,FLA,Keith,Yandle,2,02:58,03:47,11,,,517,13,#041E42,0,8471735,Florida Panthers,6380609,FLA,327,00:49
2016020265,FLA,Keith,Yandle,2,06:03,06:40,12,,,517,13,#041E42,0,8471735,Florida Panthers,6380610,FLA,337,00:37
2016020265,FLA,Keith,Yandle,2,09:07,09:30,13,,,517,13,#041E42,0,8471735,Florida Panthers,6380611,FLA,345,00:23
2016020265,FLA,Keith,Yandle,2,12:39,13:19,14,,,517,13,#041E42,0,8471735,Florida Panthers,6380612,FLA,503,00:40
2016020265,FLA,Keith,Yandle,2,14:44,15:53,15,,,517,13,#041E42,0,8471735,Florida Panthers,6380613,FLA,511,01:09
2016020265,FLA,Keith,Yandle,2,17:57,18:40,16,,,517,13,#041E42,0,8471735,Florida Panthers,6380614,FLA,523,00:43
2016020265,FLA,Keith,Yandle,3,00:00,00:28,17,,,517,13,#041E42,0,8471735,Florida Panthers,6380615,FLA,530,00:28
2016020265,FLA,Keith,Yandle,3,02:09,02:57,18,,,517,13,#041E42,0,8471735,Florida Panthers,6380616,FLA,536,00:48
2016020265,FLA,Keith,Yandle,3,04:11,04:45,19,,,517,13,#041E42,0,8471735,Florida Panthers,6380617,FLA,546,00:34
2016020265,FLA,Keith,Yandle,3,06:10,07:01,20,,,517,13,#041E42,0,8471735,Florida Panthers,6380618,FLA,751,00:51
2016020265,FLA,Keith,Yandle,3,09:12,10:08,21,,,517,13,#041E42,0,8471735,Florida Panthers,6380619,FLA,757,00:56
2016020265,FLA,Keith,Yandle,3,11:55,13:07,22,,,517,13,#041E42,0,8471735,Florida Panthers,6380620,FLA,768,01:12
2016020265,FLA,Keith,Yandle,3,14:24,15:59,23,,,517,13,#041E42,0,8471735,Florida Panthers,6380621,FLA,778,01:35
2016020265,FLA,Keith,Yandle,3,17:38,18:40,24,,,517,13,#041E42,0,8471735,Florida Panthers,6380622,FLA,788,01:02
2016020265,OTT,Tom,Pyatt,1,00:25,01:04,1,,,517,9,#C8102E,0,8471768,Ottawa Senators,6378362,OTT,201,00:39
2016020265,OTT,Tom,Pyatt,1,04:11,04:56,2,,,517,9,#C8102E,0,8471768,Ottawa Senators,6378363,OTT,211,00:45
2016020265,OTT,Tom,Pyatt,1,06:45,07:39,3,,,517,9,#C8102E,0,8471768,Ottawa Senators,6378364,OTT,220,00:54
2016020265,OTT,Tom,Pyatt,1,11:03,11:10,4,,,517,9,#C8102E,0,8471768,Ottawa Senators,6378365,OTT,227,00:07
2016020265,OTT,Tom,Pyatt,1,12:47,12:53,5,,,517,9,#C8102E,0,8471768,Ottawa Senators,6378366,OTT,232,00:06
2016020265,OTT,Tom,Pyatt,1,13:27,14:29,6,,,517,9,#C8102E,0,8471768,Ottawa Senators,6378367,OTT,234,01:02
2016020265,OTT,Tom,Pyatt,1,14:48,15:40,7,,,517,9,#C8102E,0,8471768,Ottawa Senators,6378368,OTT,236,00:52
2016020265,OTT,Tom,Pyatt,1,18:20,19:00,8,,,517,9,#C8102E,0,8471768,Ottawa Senators,6378369,OTT,246,00:40
2016020265,OTT,Tom,Pyatt,1,19:27,20:00,9,,,517,9,#C8102E,0,8471768,Ottawa Senators,6378370,OTT,249,00:33
2016020265,OTT,Tom,Pyatt,2,00:00,00:53,10,,,517,9,#C8102E,0,8471768,Ottawa Senators,6380623,OTT,250,00:53
2016020265,OTT,Tom,Pyatt,2,03:37,04:34,11,,,517,9,#C8102E,0,8471768,Ottawa Senators,6380624,OTT,358,00:57
2016020265,OTT,Tom,Pyatt,2,10:09,11:02,12,,,517,9,#C8102E,0,8471768,Ottawa Senators,6380625,OTT,377,00:53
2016020265,OTT,Tom,Pyatt,2,13:54,14:48,13,,,517,9,#C8102E,0,8471768,Ottawa Senators,6380626,OTT,387,00:54
2016020265,OTT,Tom,Pyatt,2,16:47,17:51,14,,,517,9,#C8102E,0,8471768,Ottawa Senators,6380627,OTT,396,01:04
2016020265,OTT,Tom,Pyatt,3,00:00,00:28,15,,,517,9,#C8102E,0,8471768,Ottawa Senators,6380628,OTT,605,00:28
2016020265,OTT,Tom,Pyatt,3,01:49,02:31,16,,,517,9,#C8102E,0,8471768,Ottawa Senators,6380629,OTT,610,00:42
2016020265,OTT,Tom,Pyatt,3,04:45,05:03,17,,,517,9,#C8102E,0,8471768,Ottawa Senators,6380630,OTT,620,00:18
2016020265,OTT,Tom,Pyatt,3,07:07,07:19,18,,,517,9,#C8102E,0,8471768,Ottawa Senators,6380631,OTT,626,00:12
2016020265,OTT,Tom,Pyatt,3,08:36,09:16,19,,,517,9,#C8102E,0,8471768,Ottawa Senators,6380632,OTT,633,00:40
2016020265,OTT,Tom,Pyatt,3,11:15,11:43,20,,,517,9,#C8102E,0,8471768,Ottawa Senators,6380633,OTT,642,00:28
2016020265,OTT,Tom,Pyatt,3,15:06,15:49,21,,,517,9,#C8102E,0,8471768,Ottawa Senators,6380634,OTT,805,00:43
2016020265,OTT,Derick,Brassard,1,00:00,00:25,1,,,517,9,#C8102E,0,8473544,Ottawa Senators,6378371,OTT,3,00:25
2016020265,OTT,Derick,Brassard,1,03:02,04:11,2,,,517,9,#C8102E,0,8473544,Ottawa Senators,6378372,OTT,208,01:09
2016020265,OTT,Derick,Brassard,1,05:22,05:57,3,,,517,9,#C8102E,0,8473544,Ottawa Senators,6378373,OTT,216,00:35
2016020265,OTT,Derick,Brassard,1,08:23,09:37,4,,,517,9,#C8102E,0,8473544,Ottawa Senators,6378374,OTT,223,01:14
2016020265,OTT,Derick,Brassard,1,10:21,11:10,5,,,517,9,#C8102E,0,8473544,Ottawa Senators,6378375,OTT,226,00:49
2016020265,OTT,Derick,Brassard,1,12:53,13:27,6,,,517,9,#C8102E,0,8473544,Ottawa Senators,6378376,OTT,233,00:34
2016020265,OTT,Derick,Brassard,1,16:30,17:23,7,,,517,9,#C8102E,0,8473544,Ottawa Senators,6378377,OTT,240,00:53
2016020265,OTT,Derick,Brassard,1,19:00,19:27,8,,,517,9,#C8102E,0,8473544,Ottawa Senators,6378378,OTT,248,00:27
2016020265,OTT,Derick,Brassard,2,00:48,01:59,9,,,517,9,#C8102E,0,8473544,Ottawa Senators,6380635,OTT,351,01:11
2016020265,OTT,Derick,Brassard,2,04:34,05:20,10,,,517,9,#C8102E,0,8473544,Ottawa Senators,6380636,OTT,361,00:46
2016020265,OTT,Derick,Brassard,2,07:43,09:07,11,,,517,9,#C8102E,0,8473544,Ottawa Senators,6380637,OTT,372,01:24
2016020265,OTT,Derick,Brassard,2,11:43,12:39,12,,,517,9,#C8102E,0,8473544,Ottawa Senators,6380638,OTT,381,00:56
2016020265,OTT,Derick,Brassard,2,14:40,15:48,13,,,517,9,#C8102E,0,8473544,Ottawa Senators,6380639,OTT,389,01:08
2016020265,OTT,Derick,Brassard,2,18:42,19:45,14,,,517,9,#C8102E,0,8473544,Ottawa Senators,6380640,OTT,400,01:03
2016020265,OTT,Derick,Brassard,3,00:28,01:15,15,,,517,9,#C8102E,0,8473544,Ottawa Senators,6380641,OTT,606,00:47
2016020265,OTT,Derick,Brassard,3,03:33,04:19,16,,,517,9,#C8102E,0,8473544,Ottawa Senators,6380642,OTT,615,00:46
2016020265,OTT,Derick,Brassard,3,05:03,05:44,17,,,517,9,#C8102E,0,8473544,Ottawa Senators,6380643,OTT,621,00:41
2016020265,OTT,Derick,Brassard,3,06:48,07:07,18,,,517,9,#C8102E,0,8473544,Ottawa Senators,6380644,OTT,625,00:19
2016020265,OTT,Derick,Brassard,3,07:19,07:55,19,,,517,9,#C8102E,0,8473544,Ottawa Senators,6380645,OTT,627,00:36
2016020265,OTT,Derick,Brassard,3,10:09,11:02,20,,,517,9,#C8102E,0,8473544,Ottawa Senators,6380646,OTT,637,00:53
2016020265,OTT,Derick,Brassard,3,13:21,14:21,21,,,517,9,#C8102E,0,8473544,Ottawa Senators,6380647,OTT,649,01:00
2016020265,OTT,Derick,Brassard,3,15:54,16:39,22,,,517,9,#C8102E,0,8473544,Ottawa Senators,6380648,OTT,808,00:45
2016020265,OTT,Derick,Brassard,3,17:40,18:48,23,,,517,9,#C8102E,0,8473544,Ottawa Senators,6380649,OTT,813,01:08
2016020265,OTT,Kyle,Turris,1,01:28,02:14,1,,,517,9,#C8102E,0,8474068,Ottawa Senators,6378379,OTT,203,00:46
2016020265,OTT,Kyle,Turris,1,04:56,05:22,2,,,517,9,#C8102E,0,8474068,Ottawa Senators,6378380,OTT,214,00:26
2016020265,OTT,Kyle,Turris,1,07:39,08:23,3,,,517,9,#C8102E,0,8474068,Ottawa Senators,6378381,OTT,222,00:44
2016020265,OTT,Kyle,Turris,1,08:26,09:37,4,,,517,9,#C8102E,0,8474068,Ottawa Senators,6378382,OTT,224,01:11
2016020265,OTT,Kyle,Turris,1,11:10,12:00,5,,,517,9,#C8102E,0,8474068,Ottawa Senators,6378383,OTT,228,00:50
2016020265,OTT,Kyle,Turris,1,14:29,14:48,6,,,517,9,#C8102E,0,8474068,Ottawa Senators,6378384,OTT,235,00:19
2016020265,OTT,Kyle,Turris,1,17:23,18:20,7,,,517,9,#C8102E,0,8474068,Ottawa Senators,6378385,OTT,242,00:57
2016020265,OTT,Kyle,Turris,1,19:27,20:00,8,,,517,9,#C8102E,0,8474068,Ottawa Senators,6378386,OTT,249,00:33
2016020265,OTT,Kyle,Turris,2,01:59,02:52,9,,,517,9,#C8102E,0,8474068,Ottawa Senators,6380650,OTT,353,00:53
2016020265,OTT,Kyle,Turris,2,05:20,06:40,10,,,517,9,#C8102E,0,8474068,Ottawa Senators,6380651,OTT,366,01:20
2016020265,OTT,Kyle,Turris,2,07:43,09:07,11,,,517,9,#C8102E,0,8474068,Ottawa Senators,6380652,OTT,372,01:24
2016020265,OTT,Kyle,Turris,2,12:39,13:00,12,,,517,9,#C8102E,0,8474068,Ottawa Senators,6380653,OTT,384,00:21
2016020265,OTT,Kyle,Turris,2,15:48,16:47,13,,,517,9,#C8102E,0,8474068,Ottawa Senators,6380654,OTT,392,00:59
2016020265,OTT,Kyle,Turris,2,19:45,20:00,14,,,517,9,#C8102E,0,8474068,Ottawa Senators,6380655,OTT,604,00:15
2016020265,OTT,Kyle,Turris,3,01:15,01:49,15,,,517,9,#C8102E,0,8474068,Ottawa Senators,6380656,OTT,607,00:34
2016020265,OTT,Kyle,Turris,3,04:19,04:45,16,,,517,9,#C8102E,0,8474068,Ottawa Senators,6380657,OTT,618,00:26
2016020265,OTT,Kyle,Turris,3,05:44,06:48,17,,,517,9,#C8102E,0,8474068,Ottawa Senators,6380658,OTT,622,01:04
2016020265,OTT,Kyle,Turris,3,07:55,08:31,18,,,517,9,#C8102E,0,8474068,Ottawa Senators,6380659,OTT,628,00:36
2016020265,OTT,Kyle,Turris,3,09:24,10:09,19,,,517,9,#C8102E,0,8474068,Ottawa Senators,6380660,OTT,635,00:45
2016020265,OTT,Kyle,Turris,3,12:39,13:21,20,,,517,9,#C8102E,0,8474068,Ottawa Senators,6380661,OTT,646,00:42
2016020265,OTT,Kyle,Turris,3,14:21,15:06,21,,,517,9,#C8102E,0,8474068,Ottawa Senators,6380662,OTT,803,00:45
2016020265,OTT,Kyle,Turris,3,16:39,17:40,22,,,517,9,#C8102E,0,8474068,Ottawa Senators,6380663,OTT,811,01:01
2016020265,OTT,Kyle,Turris,3,18:48,19:41,23,,,517,9,#C8102E,0,8474068,Ottawa Senators,6380664,OTT,816,00:53
2016020265,FLA,Colton,Sceviour,1,01:00,01:48,1,,,517,13,#041E42,0,8474098,Florida Panthers,6378387,FLA,152,00:48
2016020265,FLA,Colton,Sceviour,1,04:42,05:22,2,,,517,13,#041E42,0,8474098,Florida Panthers,6378388,FLA,165,00:40
2016020265,FLA,Colton,Sceviour,1,09:37,10:11,3,,,517,13,#041E42,0,8474098,Florida Panthers,6378389,FLA,183,00:34
2016020265,FLA,Colton,Sceviour,1,12:00,12:20,4,,,517,13,#041E42,0,8474098,Florida Panthers,6378390,FLA,190,00:20
2016020265,FLA,Colton,Sceviour,1,12:53,13:27,5,,,517,13,#041E42,0,8474098,Florida Panthers,6378391,FLA,192,00:34
2016020265,FLA,Colton,Sceviour,1,17:31,18:11,6,,,517,13,#041E42,0,8474098,Florida Panthers,6378392,FLA,307,00:40
2016020265,FLA,Colton,Sceviour,2,02:06,03:13,7,,,517,13,#041E42,0,8474098,Florida Panthers,6380665,FLA,325,01:07
2016020265,FLA,Colton,Sceviour,2,06:03,06:40,8,,,517,13,#041E42,0,8474098,Florida Panthers,6380666,FLA,337,00:37
2016020265,FLA,Colton,Sceviour,2,09:30,10:09,9,,,517,13,#041E42,0,8474098,Florida Panthers,6380667,FLA,346,00:39
2016020265,FLA,Colton,Sceviour,2,13:19,13:55,10,,,517,13,#041E42,0,8474098,Florida Panthers,6380668,FLA,504,00:36
2016020265,FLA,Colton,Sceviour,2,15:05,16:46,11,,,517,13,#041E42,0,8474098,Florida Panthers,6380669,FLA,513,01:41
2016020265,FLA,Colton,Sceviour,2,19:26,20:00,12,,,517,13,#041E42,0,8474098,Florida Panthers,6380670,FLA,528,00:34
2016020265,FLA,Colton,Sceviour,3,01:16,01:49,13,,,517,13,#041E42,0,8474098,Florida Panthers,6380671,FLA,533,00:33
2016020265,FLA,Colton,Sceviour,3,03:34,03:43,14,,,517,13,#041E42,0,8474098,Florida Panthers,6380672,FLA,543,00:09
2016020265,FLA,Colton,Sceviour,3,04:13,04:45,15,,,517,13,#041E42,0,8474098,Florida Panthers,6380673,FLA,547,00:32
2016020265,FLA,Colton,Sceviour,3,06:49,07:54,16,,,517,13,#041E42,0,8474098,Florida Panthers,6380674,FLA,753,01:05
2016020265,FLA,Colton,Sceviour,3,10:08,11:06,17,,,517,13,#041E42,0,8474098,Florida Panthers,6380675,FLA,759,00:58
2016020265,FLA,Colton,Sceviour,3,11:58,13:09,18,,,517,13,#041E42,0,8474098,Florida Panthers,6380676,FLA,769,01:11
2016020265,FLA,Colton,Sceviour,3,14:24,15:16,19,,,517,13,#041E42,0,8474098,Florida Panthers,6380677,FLA,778,00:52
2016020265,FLA,Colton,Sceviour,3,16:38,17:44,20,,,517,13,#041E42,0,8474098,Florida Panthers,6380678,FLA,786,01:06
2016020265,FLA,Jason,Demers,1,00:00,00:25,1,,,517,13,#041E42,0,8474218,Florida Panthers,6378393,FLA,4,00:25
2016020265,FLA,Jason,Demers,1,02:13,03:02,2,,,517,13,#041E42,0,8474218,Florida Panthers,6378394,FLA,157,00:49
2016020265,FLA,Jason,Demers,1,04:50,05:22,3,,,517,13,#041E42,0,8474218,Florida Panthers,6378395,FLA,166,00:32
2016020265,FLA,Jason,Demers,1,07:04,07:39,4,,,517,13,#041E42,0,8474218,Florida Panthers,6378396,FLA,177,00:35
2016020265,FLA,Jason,Demers,1,09:37,10:08,5,,,517,13,#041E42,0,8474218,Florida Panthers,6378397,FLA,183,00:31
2016020265,FLA,Jason,Demers,1,11:10,11:56,6,,,517,13,#041E42,0,8474218,Florida Panthers,6378398,FLA,187,00:46
2016020265,FLA,Jason,Demers,1,13:21,14:37,7,,,517,13,#041E42,0,8474218,Florida Panthers,6378399,FLA,193,01:16
2016020265,FLA,Jason,Demers,1,17:07,17:52,8,,,517,13,#041E42,0,8474218,Florida Panthers,6378400,FLA,306,00:45
2016020265,FLA,Jason,Demers,1,19:27,20:00,9,,,517,13,#041E42,0,8474218,Florida Panthers,6378401,FLA,315,00:33
2016020265,FLA,Jason,Demers,2,00:00,00:53,10,,,517,13,#041E42,0,8474218,Florida Panthers,6380679,FLA,317,00:53
2016020265,FLA,Jason,Demers,2,02:58,03:47,11,,,517,13,#041E42,0,8474218,Florida Panthers,6380680,FLA,327,00:49
2016020265,FLA,Jason,Demers,2,06:03,06:40,12,,,517,13,#041E42,0,8474218,Florida Panthers,6380681,FLA,337,00:37
2016020265,FLA,Jason,Demers,2,09:07,09:30,13,,,517,13,#041E42,0,8474218,Florida Panthers,6380682,FLA,345,00:23
2016020265,FLA,Jason,Demers,2,11:59,13:19,14,,,517,13,#041E42,0,8474218,Florida Panthers,6380683,FLA,501,01:20
2016020265,FLA,Jason,Demers,2,14:44,16:10,15,,,517,13,#041E42,0,8474218,Florida Panthers,6380684,FLA,511,01:26
2016020265,FLA,Jason,Demers,2,17:57,18:40,16,,,517,13,#041E42,0,8474218,Florida Panthers,6380685,FLA,523,00:43
2016020265,FLA,Jason,Demers,3,00:00,00:28,17,,,517,13,#041E42,0,8474218,Florida Panthers,6380686,FLA,530,00:28
2016020265,FLA,Jason,Demers,3,02:09,02:54,18,,,517,13,#041E42,0,8474218,Florida Panthers,6380687,FLA,536,00:45
2016020265,FLA,Jason,Demers,3,04:13,04:45,19,,,517,13,#041E42,0,8474218,Florida Panthers,6380688,FLA,547,00:32
2016020265,FLA,Jason,Demers,3,06:10,07:01,20,,,517,13,#041E42,0,8474218,Florida Panthers,6380689,FLA,751,00:51
2016020265,FLA,Jason,Demers,3,09:12,10:08,21,,,517,13,#041E42,0,8474218,Florida Panthers,6380690,FLA,757,00:56
2016020265,FLA,Jason,Demers,3,11:55,12:49,22,,,517,13,#041E42,0,8474218,Florida Panthers,6380691,FLA,768,00:54
2016020265,FLA,Jason,Demers,3,14:21,15:14,23,,,517,13,#041E42,0,8474218,Florida Panthers,6380692,FLA,777,00:53
2016020265,FLA,Jason,Demers,3,15:16,15:59,24,,,517,13,#041E42,0,8474218,Florida Panthers,6380693,FLA,782,00:43
2016020265,FLA,Jason,Demers,3,17:44,18:47,25,,,517,13,#041E42,0,8474218,Florida Panthers,6380694,FLA,789,01:03
2016020265,OTT,Zack,Smith,1,00:00,00:25,1,,,517,9,#C8102E,0,8474250,Ottawa Senators,6378402,OTT,3,00:25
2016020265,OTT,Zack,Smith,1,03:15,04:11,2,,,517,9,#C8102E,0,8474250,Ottawa Senators,6378403,OTT,209,00:56
2016020265,OTT,Zack,Smith,1,05:22,06:10,3,,,517,9,#C8102E,0,8474250,Ottawa Senators,6378404,OTT,216,00:48
2016020265,OTT,Zack,Smith,1,08:23,08:26,4,,,517,9,#C8102E,0,8474250,Ottawa Senators,6378405,OTT,223,00:03
2016020265,OTT,Zack,Smith,1,09:37,10:21,5,,,517,9,#C8102E,0,8474250,Ottawa Senators,6378406,OTT,225,00:44
2016020265,OTT,Zack,Smith,1,12:53,13:27,6,,,517,9,#C8102E,0,8474250,Ottawa Senators,6378407,OTT,233,00:34
2016020265,OTT,Zack,Smith,1,16:30,17:23,7,,,517,9,#C8102E,0,8474250,Ottawa Senators,6378408,OTT,240,00:53
2016020265,OTT,Zack,Smith,1,19:00,19:27,8,,,517,9,#C8102E,0,8474250,Ottawa Senators,6378409,OTT,248,00:27
2016020265,OTT,Zack,Smith,2,00:53,02:03,9,,,517,9,#C8102E,0,8474250,Ottawa Senators,6380695,OTT,352,01:10
2016020265,OTT,Zack,Smith,2,04:34,05:20,10,,,517,9,#C8102E,0,8474250,Ottawa Senators,6380696,OTT,361,00:46
2016020265,OTT,Zack,Smith,2,09:07,10:09,11,,,517,9,#C8102E,0,8474250,Ottawa Senators,6380697,OTT,374,01:02
2016020265,OTT,Zack,Smith,2,11:48,12:39,12,,,517,9,#C8102E,0,8474250,Ottawa Senators,6380698,OTT,382,00:51
2016020265,OTT,Zack,Smith,2,14:48,15:52,13,,,517,9,#C8102E,0,8474250,Ottawa Senators,6380699,OTT,390,01:04
2016020265,OTT,Zack,Smith,2,18:42,19:31,14,,,517,9,#C8102E,0,8474250,Ottawa Senators,6380700,OTT,400,00:49
2016020265,OTT,Zack,Smith,3,00:28,01:15,15,,,517,9,#C8102E,0,8474250,Ottawa Senators,6380701,OTT,606,00:47
2016020265,OTT,Zack,Smith,3,03:23,04:13,16,,,517,9,#C8102E,0,8474250,Ottawa Senators,6380702,OTT,614,00:50
2016020265,OTT,Zack,Smith,3,05:03,05:44,17,,,517,9,#C8102E,0,8474250,Ottawa Senators,6380703,OTT,621,00:41
2016020265,OTT,Zack,Smith,3,06:48,07:07,18,,,517,9,#C8102E,0,8474250,Ottawa Senators,6380704,OTT,625,00:19
2016020265,OTT,Zack,Smith,3,07:19,07:59,19,,,517,9,#C8102E,0,8474250,Ottawa Senators,6380705,OTT,627,00:40
2016020265,OTT,Zack,Smith,3,10:16,11:15,20,,,517,9,#C8102E,0,8474250,Ottawa Senators,6380706,OTT,638,00:59
2016020265,OTT,Zack,Smith,3,13:21,14:21,21,,,517,9,#C8102E,0,8474250,Ottawa Senators,6380707,OTT,649,01:00
2016020265,OTT,Zack,Smith,3,15:49,16:39,22,,,517,9,#C8102E,0,8474250,Ottawa Senators,6380708,OTT,807,00:50
2016020265,OTT,Zack,Smith,3,17:52,18:48,23,,,517,9,#C8102E,0,8474250,Ottawa Senators,6380709,OTT,814,00:56
2016020265,OTT,Erik,Karlsson,1,00:25,01:28,1,,,517,9,#C8102E,0,8474578,Ottawa Senators,6378410,OTT,201,01:03
2016020265,OTT,Erik,Karlsson,1,02:05,03:02,2,,,517,9,#C8102E,0,8474578,Ottawa Senators,6378411,OTT,205,00:57
2016020265,OTT,Erik,Karlsson,1,03:50,04:30,3,,,517,9,#C8102E,0,8474578,Ottawa Senators,6378412,OTT,210,00:40
2016020265,OTT,Erik,Karlsson,1,06:45,08:23,4,,,517,9,#C8102E,0,8474578,Ottawa Senators,6378413,OTT,220,01:38
2016020265,OTT,Erik,Karlsson,1,08:26,09:37,5,,,517,9,#C8102E,0,8474578,Ottawa Senators,6378414,OTT,224,01:11
2016020265,OTT,Erik,Karlsson,1,10:21,11:10,6,,,517,9,#C8102E,0,8474578,Ottawa Senators,6378415,OTT,226,00:49
2016020265,OTT,Erik,Karlsson,1,12:20,12:53,7,,,517,9,#C8102E,0,8474578,Ottawa Senators,6378416,OTT,231,00:33
2016020265,OTT,Erik,Karlsson,1,13:27,14:29,8,,,517,9,#C8102E,0,8474578,Ottawa Senators,6378417,OTT,234,01:02
2016020265,OTT,Erik,Karlsson,1,16:30,17:43,9,,,517,9,#C8102E,0,8474578,Ottawa Senators,6378418,OTT,240,01:13
2016020265,OTT,Erik,Karlsson,1,18:20,18:52,10,,,517,9,#C8102E,0,8474578,Ottawa Senators,6378419,OTT,246,00:32
2016020265,OTT,Erik,Karlsson,1,19:27,20:00,11,,,517,9,#C8102E,0,8474578,Ottawa Senators,6378420,OTT,249,00:33
2016020265,OTT,Erik,Karlsson,2,00:00,00:53,12,,,517,9,#C8102E,0,8474578,Ottawa Senators,6380710,OTT,250,00:53
2016020265,OTT,Erik,Karlsson,2,03:15,04:07,13,,,517,9,#C8102E,0,8474578,Ottawa Senators,6380711,OTT,357,00:52
2016020265,OTT,Erik,Karlsson,2,04:42,05:20,14,,,517,9,#C8102E,0,8474578,Ottawa Senators,6380712,OTT,362,00:38
2016020265,OTT,Erik,Karlsson,2,06:34,09:07,15,,,517,9,#C8102E,0,8474578,Ottawa Senators,6380713,OTT,369,02:33
2016020265,OTT,Erik,Karlsson,2,09:30,10:09,16,,,517,9,#C8102E,0,8474578,Ottawa Senators,6380714,OTT,375,00:39
2016020265,OTT,Erik,Karlsson,2,11:13,12:04,17,,,517,9,#C8102E,0,8474578,Ottawa Senators,6380715,OTT,380,00:51
2016020265,OTT,Erik,Karlsson,2,13:00,13:54,18,,,517,9,#C8102E,0,8474578,Ottawa Senators,6380716,OTT,385,00:54
2016020265,OTT,Erik,Karlsson,2,15:05,16:10,19,,,517,9,#C8102E,0,8474578,Ottawa Senators,6380717,OTT,391,01:05
2016020265,OTT,Erik,Karlsson,2,18:08,18:42,20,,,517,9,#C8102E,0,8474578,Ottawa Senators,6380718,OTT,399,00:34
2016020265,OTT,Erik,Karlsson,2,19:45,20:00,21,,,517,9,#C8102E,0,8474578,Ottawa Senators,6380719,OTT,604,00:15
2016020265,OTT,Erik,Karlsson,3,00:00,00:28,22,,,517,9,#C8102E,0,8474578,Ottawa Senators,6380720,OTT,605,00:28
2016020265,OTT,Erik,Karlsson,3,01:49,02:43,23,,,517,9,#C8102E,0,8474578,Ottawa Senators,6380721,OTT,610,00:54
2016020265,OTT,Erik,Karlsson,3,04:22,04:45,24,,,517,9,#C8102E,0,8474578,Ottawa Senators,6380722,OTT,619,00:23
2016020265,OTT,Erik,Karlsson,3,05:03,06:03,25,,,517,9,#C8102E,0,8474578,Ottawa Senators,6380723,OTT,621,01:00
2016020265,OTT,Erik,Karlsson,3,06:10,06:48,26,,,517,9,#C8102E,0,8474578,Ottawa Senators,6380724,OTT,624,00:38
2016020265,OTT,Erik,Karlsson,3,07:19,08:07,27,,,517,9,#C8102E,0,8474578,Ottawa Senators,6380725,OTT,627,00:48
2016020265,OTT,Erik,Karlsson,3,09:53,11:06,28,,,517,9,#C8102E,0,8474578,Ottawa Senators,6380726,OTT,636,01:13
2016020265,OTT,Erik,Karlsson,3,11:53,12:39,29,,,517,9,#C8102E,0,8474578,Ottawa Senators,6380727,OTT,644,00:46
2016020265,OTT,Erik,Karlsson,3,13:21,13:28,30,,,517,9,#C8102E,0,8474578,Ottawa Senators,6380728,OTT,649,00:07
2016020265,OTT,Erik,Karlsson,3,14:12,15:06,31,,,517,9,#C8102E,0,8474578,Ottawa Senators,6380729,OTT,802,00:54
2016020265,OTT,Erik,Karlsson,3,16:45,17:40,32,,,517,9,#C8102E,0,8474578,Ottawa Senators,6380730,OTT,812,00:55
2016020265,OTT,Erik,Karlsson,3,19:41,20:00,33,,,517,9,#C8102E,0,8474578,Ottawa Senators,6380731,OTT,819,00:19
2016020265,OTT,Mark,Borowiecki,1,01:28,01:53,1,,,517,9,#C8102E,0,8474697,Ottawa Senators,6378421,OTT,203,00:25
2016020265,OTT,Mark,Borowiecki,1,04:30,05:20,2,,,517,9,#C8102E,0,8474697,Ottawa Senators,6378422,OTT,213,00:50
2016020265,OTT,Mark,Borowiecki,1,06:07,06:45,3,,,517,9,#C8102E,0,8474697,Ottawa Senators,6378423,OTT,218,00:38
2016020265,OTT,Mark,Borowiecki,1,11:49,12:20,4,,,517,9,#C8102E,0,8474697,Ottawa Senators,6378424,OTT,229,00:31
2016020265,OTT,Mark,Borowiecki,1,14:29,14:48,5,,,517,9,#C8102E,0,8474697,Ottawa Senators,6378425,OTT,235,00:19
2016020265,OTT,Mark,Borowiecki,1,15:40,16:23,6,,,517,9,#C8102E,0,8474697,Ottawa Senators,6378426,OTT,238,00:43
2016020265,OTT,Mark,Borowiecki,1,17:43,18:02,7,,,517,9,#C8102E,0,8474697,Ottawa Senators,6378427,OTT,244,00:19
2016020265,OTT,Mark,Borowiecki,2,02:08,03:15,8,,,517,9,#C8102E,0,8474697,Ottawa Senators,6380732,OTT,355,01:07
2016020265,OTT,Mark,Borowiecki,2,04:58,05:00,9,,,517,9,#C8102E,0,8474697,Ottawa Senators,6380733,OTT,364,00:02
2016020265,OTT,Mark,Borowiecki,2,06:03,06:34,10,,,517,9,#C8102E,0,8474697,Ottawa Senators,6380734,OTT,368,00:31
2016020265,OTT,Mark,Borowiecki,2,10:09,11:02,11,,,517,9,#C8102E,0,8474697,Ottawa Senators,6380735,OTT,377,00:53
2016020265,OTT,Mark,Borowiecki,2,12:39,13:00,12,,,517,9,#C8102E,0,8474697,Ottawa Senators,6380736,OTT,384,00:21
2016020265,OTT,Mark,Borowiecki,2,16:03,16:47,13,,,517,9,#C8102E,0,8474697,Ottawa Senators,6380737,OTT,394,00:44
2016020265,OTT,Mark,Borowiecki,3,01:29,01:49,14,,,517,9,#C8102E,0,8474697,Ottawa Senators,6380738,OTT,608,00:20
2016020265,OTT,Mark,Borowiecki,3,03:38,04:22,15,,,517,9,#C8102E,0,8474697,Ottawa Senators,6380739,OTT,616,00:44
2016020265,OTT,Mark,Borowiecki,3,08:31,09:16,16,,,517,9,#C8102E,0,8474697,Ottawa Senators,6380740,OTT,632,00:45
2016020265,OTT,Mark,Borowiecki,3,10:36,11:15,17,,,517,9,#C8102E,0,8474697,Ottawa Senators,6380741,OTT,639,00:39
2016020265,OTT,Mark,Borowiecki,3,12:56,13:21,18,,,517,9,#C8102E,0,8474697,Ottawa Senators,6380742,OTT,648,00:25
2016020265,OTT,Mark,Borowiecki,3,14:27,15:06,19,,,517,9,#C8102E,0,8474697,Ottawa Senators,6380743,OTT,804,00:39
2016020265,OTT,Mark,Borowiecki,3,16:01,16:45,20,,,517,9,#C8102E,0,8474697,Ottawa Senators,6380744,OTT,810,00:44
2016020265,OTT,Mark,Borowiecki,3,18:51,19:35,21,,,517,9,#C8102E,0,8474697,Ottawa Senators,6380745,OTT,817,00:44
2016020265,FLA,Reilly,Smith,1,00:25,01:00,1,,,517,13,#041E42,0,8475191,Florida Panthers,6378428,FLA,151,00:35
2016020265,FLA,Reilly,Smith,1,03:53,04:30,2,,,517,13,#041E42,0,8475191,Florida Panthers,6378429,FLA,160,00:37
2016020265,FLA,Reilly,Smith,1,07:08,08:23,3,,,517,13,#041E42,0,8475191,Florida Panthers,6378430,FLA,178,01:15
2016020265,FLA,Reilly,Smith,1,10:11,11:10,4,,,517,13,#041E42,0,8475191,Florida Panthers,6378431,FLA,185,00:59
2016020265,FLA,Reilly,Smith,1,13:27,14:33,5,,,517,13,#041E42,0,8475191,Florida Panthers,6378432,FLA,194,01:06
2016020265,FLA,Reilly,Smith,1,16:35,17:31,6,,,517,13,#041E42,0,8475191,Florida Panthers,6378433,FLA,304,00:56
2016020265,FLA,Reilly,Smith,1,18:56,19:27,7,,,517,13,#041E42,0,8475191,Florida Panthers,6378434,FLA,312,00:31
2016020265,FLA,Reilly,Smith,2,00:53,01:58,8,,,517,13,#041E42,0,8475191,Florida Panthers,6380746,FLA,320,01:05
2016020265,FLA,Reilly,Smith,2,05:00,06:03,9,,,517,13,#041E42,0,8475191,Florida Panthers,6380747,FLA,335,01:03
2016020265,FLA,Reilly,Smith,2,07:57,09:07,10,,,517,13,#041E42,0,8475191,Florida Panthers,6380748,FLA,344,01:10
2016020265,FLA,Reilly,Smith,2,10:59,12:39,11,,,517,13,#041E42,0,8475191,Florida Panthers,6380749,FLA,350,01:40
2016020265,FLA,Reilly,Smith,2,14:49,15:05,12,,,517,13,#041E42,0,8475191,Florida Panthers,6380750,FLA,512,00:16
2016020265,FLA,Reilly,Smith,2,18:40,19:18,13,,,517,13,#041E42,0,8475191,Florida Panthers,6380751,FLA,526,00:38
2016020265,FLA,Reilly,Smith,3,00:28,01:20,14,,,517,13,#041E42,0,8475191,Florida Panthers,6380752,FLA,531,00:52
2016020265,FLA,Reilly,Smith,3,02:36,03:34,15,,,517,13,#041E42,0,8475191,Florida Panthers,6380753,FLA,539,00:58
2016020265,FLA,Reilly,Smith,3,04:45,05:34,16,,,517,13,#041E42,0,8475191,Florida Panthers,6380754,FLA,548,00:49
2016020265,FLA,Reilly,Smith,3,07:54,08:36,17,,,517,13,#041E42,0,8475191,Florida Panthers,6380755,FLA,755,00:42
2016020265,FLA,Reilly,Smith,3,09:16,10:08,18,,,517,13,#041E42,0,8475191,Florida Panthers,6380756,FLA,758,00:52
2016020265,FLA,Reilly,Smith,3,11:16,11:58,19,,,517,13,#041E42,0,8475191,Florida Panthers,6380757,FLA,764,00:42
2016020265,FLA,Reilly,Smith,3,13:28,14:24,20,,,517,13,#041E42,0,8475191,Florida Panthers,6380758,FLA,775,00:56
2016020265,FLA,Reilly,Smith,3,15:52,16:45,21,,,517,13,#041E42,0,8475191,Florida Panthers,6380759,FLA,783,00:53
2016020265,FLA,Reilly,Smith,3,18:40,19:41,22,,,517,13,#041E42,0,8475191,Florida Panthers,6380760,FLA,790,01:01
2016020265,OTT,Chris,Wideman,1,01:28,02:05,1,,,517,9,#C8102E,0,8475227,Ottawa Senators,6378435,OTT,203,00:37
2016020265,OTT,Chris,Wideman,1,04:30,05:20,2,,,517,9,#C8102E,0,8475227,Ottawa Senators,6378436,OTT,213,00:50
2016020265,OTT,Chris,Wideman,1,06:10,06:45,3,,,517,9,#C8102E,0,8475227,Ottawa Senators,6378437,OTT,219,00:35
2016020265,OTT,Chris,Wideman,1,08:26,09:37,4,,,517,9,#C8102E,0,8475227,Ottawa Senators,6378438,OTT,224,01:11
2016020265,OTT,Chris,Wideman,1,12:00,12:20,5,,,517,9,#C8102E,0,8475227,Ottawa Senators,6378439,OTT,230,00:20
2016020265,OTT,Chris,Wideman,1,12:53,13:27,6,,,517,9,#C8102E,0,8475227,Ottawa Senators,6378440,OTT,233,00:34
2016020265,OTT,Chris,Wideman,1,15:40,16:30,7,,,517,9,#C8102E,0,8475227,Ottawa Senators,6378441,OTT,238,00:50
2016020265,OTT,Chris,Wideman,2,02:08,03:15,8,,,517,9,#C8102E,0,8475227,Ottawa Senators,6380761,OTT,355,01:07
2016020265,OTT,Chris,Wideman,2,05:20,06:34,9,,,517,9,#C8102E,0,8475227,Ottawa Senators,6380762,OTT,366,01:14
2016020265,OTT,Chris,Wideman,2,07:57,09:07,10,,,517,9,#C8102E,0,8475227,Ottawa Senators,6380763,OTT,373,01:10
2016020265,OTT,Chris,Wideman,2,11:02,11:13,11,,,517,9,#C8102E,0,8475227,Ottawa Senators,6380764,OTT,379,00:11
2016020265,OTT,Chris,Wideman,2,12:39,13:00,12,,,517,9,#C8102E,0,8475227,Ottawa Senators,6380765,OTT,384,00:21
2016020265,OTT,Chris,Wideman,2,16:10,16:47,13,,,517,9,#C8102E,0,8475227,Ottawa Senators,6380766,OTT,395,00:37
2016020265,OTT,Chris,Wideman,2,18:57,19:45,14,,,517,9,#C8102E,0,8475227,Ottawa Senators,6380767,OTT,601,00:48
2016020265,OTT,Chris,Wideman,3,01:15,01:49,15,,,517,9,#C8102E,0,8475227,Ottawa Senators,6380768,OTT,607,00:34
2016020265,OTT,Chris,Wideman,3,03:38,04:22,16,,,517,9,#C8102E,0,8475227,Ottawa Senators,6380769,OTT,616,00:44
2016020265,OTT,Chris,Wideman,3,06:10,06:48,17,,,517,9,#C8102E,0,8475227,Ottawa Senators,6380770,OTT,624,00:38
2016020265,OTT,Chris,Wideman,3,09:16,09:53,18,,,517,9,#C8102E,0,8475227,Ottawa Senators,6380771,OTT,634,00:37
2016020265,OTT,Chris,Wideman,3,11:15,11:53,19,,,517,9,#C8102E,0,8475227,Ottawa Senators,6380772,OTT,642,00:38
2016020265,OTT,Chris,Wideman,3,13:21,13:28,20,,,517,9,#C8102E,0,8475227,Ottawa Senators,6380773,OTT,649,00:07
2016020265,OTT,Chris,Wideman,3,15:06,15:16,21,,,517,9,#C8102E,0,8475227,Ottawa Senators,6380774,OTT,805,00:10
2016020265,OTT,Chris,Wideman,3,16:01,16:45,22,,,517,9,#C8102E,0,8475227,Ottawa Senators,6380775,OTT,810,00:44
2016020265,OTT,Chris,Wideman,3,18:40,19:41,23,,,517,9,#C8102E,0,8475227,Ottawa Senators,6380776,OTT,815,01:01
2016020265,FLA,Mark,Pysyk,1,01:47,02:13,1,,,517,13,#041E42,0,8475796,Florida Panthers,6378442,FLA,154,00:26
2016020265,FLA,Mark,Pysyk,1,04:03,04:41,2,,,517,13,#041E42,0,8475796,Florida Panthers,6378443,FLA,161,00:38
2016020265,FLA,Mark,Pysyk,1,06:15,07:04,3,,,517,13,#041E42,0,8475796,Florida Panthers,6378444,FLA,174,00:49
2016020265,FLA,Mark,Pysyk,1,08:26,09:37,4,,,517,13,#041E42,0,8475796,Florida Panthers,6378445,FLA,182,01:11
2016020265,FLA,Mark,Pysyk,1,10:08,11:10,5,,,517,13,#041E42,0,8475796,Florida Panthers,6378446,FLA,184,01:02
2016020265,FLA,Mark,Pysyk,1,11:59,12:53,6,,,517,13,#041E42,0,8475796,Florida Panthers,6378447,FLA,189,00:54
2016020265,FLA,Mark,Pysyk,1,14:39,16:12,7,,,517,13,#041E42,0,8475796,Florida Panthers,6378448,FLA,197,01:33
2016020265,FLA,Mark,Pysyk,1,17:52,18:46,8,,,517,13,#041E42,0,8475796,Florida Panthers,6378449,FLA,308,00:54
2016020265,FLA,Mark,Pysyk,2,01:35,02:58,9,,,517,13,#041E42,0,8475796,Florida Panthers,6380777,FLA,321,01:23
2016020265,FLA,Mark,Pysyk,2,05:00,06:03,10,,,517,13,#041E42,0,8475796,Florida Panthers,6380778,FLA,335,01:03
2016020265,FLA,Mark,Pysyk,2,06:40,07:18,11,,,517,13,#041E42,0,8475796,Florida Panthers,6380779,FLA,338,00:38
2016020265,FLA,Mark,Pysyk,2,07:57,09:07,12,,,517,13,#041E42,0,8475796,Florida Panthers,6380780,FLA,344,01:10
2016020265,FLA,Mark,Pysyk,2,09:30,10:09,13,,,517,13,#041E42,0,8475796,Florida Panthers,6380781,FLA,346,00:39
2016020265,FLA,Mark,Pysyk,2,10:54,12:39,14,,,517,13,#041E42,0,8475796,Florida Panthers,6380782,FLA,349,01:45
2016020265,FLA,Mark,Pysyk,2,13:49,14:44,15,,,517,13,#041E42,0,8475796,Florida Panthers,6380783,FLA,508,00:55
2016020265,FLA,Mark,Pysyk,2,17:00,17:57,16,,,517,13,#041E42,0,8475796,Florida Panthers,6380784,FLA,519,00:57
2016020265,FLA,Mark,Pysyk,2,19:18,20:00,17,,,517,13,#041E42,0,8475796,Florida Panthers,6380785,FLA,527,00:42
2016020265,FLA,Mark,Pysyk,3,00:28,01:13,18,,,517,13,#041E42,0,8475796,Florida Panthers,6380786,FLA,531,00:45
2016020265,FLA,Mark,Pysyk,3,02:57,03:41,19,,,517,13,#041E42,0,8475796,Florida Panthers,6380787,FLA,541,00:44
2016020265,FLA,Mark,Pysyk,3,04:45,05:42,20,,,517,13,#041E42,0,8475796,Florida Panthers,6380788,FLA,548,00:57
2016020265,FLA,Mark,Pysyk,3,07:01,07:54,21,,,517,13,#041E42,0,8475796,Florida Panthers,6380789,FLA,754,00:53
2016020265,FLA,Mark,Pysyk,3,10:08,11:01,22,,,517,13,#041E42,0,8475796,Florida Panthers,6380790,FLA,759,00:53
2016020265,FLA,Mark,Pysyk,3,13:07,13:48,23,,,517,13,#041E42,0,8475796,Florida Panthers,6380791,FLA,772,00:41
2016020265,FLA,Mark,Pysyk,3,15:14,15:16,24,,,517,13,#041E42,0,8475796,Florida Panthers,6380792,FLA,781,00:02
2016020265,FLA,Mark,Pysyk,3,16:38,17:38,25,,,517,13,#041E42,0,8475796,Florida Panthers,6380793,FLA,786,01:00
2016020265,FLA,Mark,Pysyk,3,19:41,20:00,26,,,517,13,#041E42,0,8475796,Florida Panthers,6380794,FLA,792,00:19
2016020265,OTT,Mark,Stone,1,00:00,00:25,1,,,517,9,#C8102E,0,8475913,Ottawa Senators,6378450,OTT,3,00:25
2016020265,OTT,Mark,Stone,1,03:02,04:23,2,,,517,9,#C8102E,0,8475913,Ottawa Senators,6378451,OTT,208,01:21
2016020265,OTT,Mark,Stone,1,05:22,06:10,3,,,517,9,#C8102E,0,8475913,Ottawa Senators,6378452,OTT,216,00:48
2016020265,OTT,Mark,Stone,1,08:26,09:37,4,,,517,9,#C8102E,0,8475913,Ottawa Senators,6378453,OTT,224,01:11
2016020265,OTT,Mark,Stone,1,10:21,11:10,5,,,517,9,#C8102E,0,8475913,Ottawa Senators,6378454,OTT,226,00:49
2016020265,OTT,Mark,Stone,1,12:53,13:27,6,,,517,9,#C8102E,0,8475913,Ottawa Senators,6378455,OTT,233,00:34
2016020265,OTT,Mark,Stone,1,16:30,17:35,7,,,517,9,#C8102E,0,8475913,Ottawa Senators,6378456,OTT,240,01:05
2016020265,OTT,Mark,Stone,1,19:00,19:27,8,,,517,9,#C8102E,0,8475913,Ottawa Senators,6378457,OTT,248,00:27
2016020265,OTT,Mark,Stone,2,00:53,02:08,9,,,517,9,#C8102E,0,8475913,Ottawa Senators,6380795,OTT,352,01:15
2016020265,OTT,Mark,Stone,2,04:42,05:20,10,,,517,9,#C8102E,0,8475913,Ottawa Senators,6380796,OTT,362,00:38
2016020265,OTT,Mark,Stone,2,07:39,09:07,11,,,517,9,#C8102E,0,8475913,Ottawa Senators,6380797,OTT,371,01:28
2016020265,OTT,Mark,Stone,2,12:04,12:39,12,,,517,9,#C8102E,0,8475913,Ottawa Senators,6380798,OTT,383,00:35
2016020265,OTT,Mark,Stone,2,14:40,16:03,13,,,517,9,#C8102E,0,8475913,Ottawa Senators,6380799,OTT,389,01:23
2016020265,OTT,Mark,Stone,2,18:58,19:45,14,,,517,9,#C8102E,0,8475913,Ottawa Senators,6380800,OTT,602,00:47
2016020265,OTT,Mark,Stone,3,00:28,01:15,15,,,517,9,#C8102E,0,8475913,Ottawa Senators,6380801,OTT,606,00:47
2016020265,OTT,Mark,Stone,3,03:33,04:19,16,,,517,9,#C8102E,0,8475913,Ottawa Senators,6380802,OTT,615,00:46
2016020265,OTT,Mark,Stone,3,05:03,05:44,17,,,517,9,#C8102E,0,8475913,Ottawa Senators,6380803,OTT,621,00:41
2016020265,OTT,Mark,Stone,3,06:48,07:07,18,,,517,9,#C8102E,0,8475913,Ottawa Senators,6380804,OTT,625,00:19
2016020265,OTT,Mark,Stone,3,07:19,08:02,19,,,517,9,#C8102E,0,8475913,Ottawa Senators,6380805,OTT,627,00:43
2016020265,OTT,Mark,Stone,3,10:09,11:06,20,,,517,9,#C8102E,0,8475913,Ottawa Senators,6380806,OTT,637,00:57
2016020265,OTT,Mark,Stone,3,13:21,14:27,21,,,517,9,#C8102E,0,8475913,Ottawa Senators,6380807,OTT,649,01:06
2016020265,OTT,Mark,Stone,3,15:58,16:45,22,,,517,9,#C8102E,0,8475913,Ottawa Senators,6380808,OTT,809,00:47
2016020265,OTT,Mark,Stone,3,17:40,18:51,23,,,517,9,#C8102E,0,8475913,Ottawa Senators,6380809,OTT,813,01:11
2016020265,OTT,Ryan,Dzingel,1,01:04,02:05,1,,,517,9,#C8102E,0,8476288,Ottawa Senators,6378458,OTT,202,01:01
2016020265,OTT,Ryan,Dzingel,1,04:56,05:22,2,,,517,9,#C8102E,0,8476288,Ottawa Senators,6378459,OTT,214,00:26
2016020265,OTT,Ryan,Dzingel,1,07:39,08:26,3,,,517,9,#C8102E,0,8476288,Ottawa Senators,6378460,OTT,222,00:47
2016020265,OTT,Ryan,Dzingel,1,09:37,10:21,4,,,517,9,#C8102E,0,8476288,Ottawa Senators,6378461,OTT,225,00:44
2016020265,OTT,Ryan,Dzingel,1,11:10,12:00,5,,,517,9,#C8102E,0,8476288,Ottawa Senators,6378462,OTT,228,00:50
2016020265,OTT,Ryan,Dzingel,1,14:29,14:48,6,,,517,9,#C8102E,0,8476288,Ottawa Senators,6378463,OTT,235,00:19
2016020265,OTT,Ryan,Dzingel,1,17:23,18:20,7,,,517,9,#C8102E,0,8476288,Ottawa Senators,6378464,OTT,242,00:57
2016020265,OTT,Ryan,Dzingel,1,19:27,20:00,8,,,517,9,#C8102E,0,8476288,Ottawa Senators,6378465,OTT,249,00:33
2016020265,OTT,Ryan,Dzingel,2,02:03,02:52,9,,,517,9,#C8102E,0,8476288,Ottawa Senators,6380810,OTT,354,00:49
2016020265,OTT,Ryan,Dzingel,2,05:20,06:34,10,,,517,9,#C8102E,0,8476288,Ottawa Senators,6380811,OTT,366,01:14
2016020265,OTT,Ryan,Dzingel,2,09:07,10:09,11,,,517,9,#C8102E,0,8476288,Ottawa Senators,6380812,OTT,374,01:02
2016020265,OTT,Ryan,Dzingel,2,12:39,13:00,12,,,517,9,#C8102E,0,8476288,Ottawa Senators,6380813,OTT,384,00:21
2016020265,OTT,Ryan,Dzingel,2,15:52,16:47,13,,,517,9,#C8102E,0,8476288,Ottawa Senators,6380814,OTT,393,00:55
2016020265,OTT,Ryan,Dzingel,2,19:31,20:00,14,,,517,9,#C8102E,0,8476288,Ottawa Senators,6380815,OTT,603,00:29
2016020265,OTT,Ryan,Dzingel,3,01:15,01:49,15,,,517,9,#C8102E,0,8476288,Ottawa Senators,6380816,OTT,607,00:34
2016020265,OTT,Ryan,Dzingel,3,04:13,04:45,16,,,517,9,#C8102E,0,8476288,Ottawa Senators,6380817,OTT,617,00:32
2016020265,OTT,Ryan,Dzingel,3,05:44,06:48,17,,,517,9,#C8102E,0,8476288,Ottawa Senators,6380818,OTT,622,01:04
2016020265,OTT,Ryan,Dzingel,3,07:59,08:36,18,,,517,9,#C8102E,0,8476288,Ottawa Senators,6380819,OTT,629,00:37
2016020265,OTT,Ryan,Dzingel,3,09:24,10:16,19,,,517,9,#C8102E,0,8476288,Ottawa Senators,6380820,OTT,635,00:52
2016020265,OTT,Ryan,Dzingel,3,12:39,13:21,20,,,517,9,#C8102E,0,8476288,Ottawa Senators,6380821,OTT,646,00:42
2016020265,OTT,Ryan,Dzingel,3,14:21,15:06,21,,,517,9,#C8102E,0,8476288,Ottawa Senators,6380822,OTT,803,00:45
2016020265,OTT,Ryan,Dzingel,3,16:39,17:52,22,,,517,9,#C8102E,0,8476288,Ottawa Senators,6380823,OTT,811,01:13
2016020265,OTT,Ryan,Dzingel,3,18:48,19:41,23,,,517,9,#C8102E,0,8476288,Ottawa Senators,6380824,OTT,816,00:53
2016020265,OTT,Max,McCormick,1,02:05,03:02,1,,,517,9,#C8102E,0,8476323,Ottawa Senators,6378466,OTT,205,00:57
2016020265,OTT,Max,McCormick,1,06:10,06:45,2,,,517,9,#C8102E,0,8476323,Ottawa Senators,6378467,OTT,219,00:35
2016020265,OTT,Max,McCormick,1,12:00,12:47,3,,,517,9,#C8102E,0,8476323,Ottawa Senators,6378468,OTT,230,00:47
2016020265,OTT,Max,McCormick,1,15:40,16:30,4,,,517,9,#C8102E,0,8476323,Ottawa Senators,6378469,OTT,238,00:50
2016020265,OTT,Max,McCormick,2,02:52,03:37,5,,,517,9,#C8102E,0,8476323,Ottawa Senators,6380825,OTT,356,00:45
2016020265,OTT,Max,McCormick,2,06:40,07:43,6,,,517,9,#C8102E,0,8476323,Ottawa Senators,6380826,OTT,370,01:03
2016020265,OTT,Max,McCormick,2,10:45,11:43,7,,,517,9,#C8102E,0,8476323,Ottawa Senators,6380827,OTT,378,00:58
2016020265,OTT,Max,McCormick,2,13:00,13:35,8,,,517,9,#C8102E,0,8476323,Ottawa Senators,6380828,OTT,385,00:35
2016020265,OTT,Max,McCormick,2,18:00,18:42,9,,,517,9,#C8102E,0,8476323,Ottawa Senators,6380829,OTT,398,00:42
2016020265,OTT,Max,McCormick,3,02:39,03:33,10,,,517,9,#C8102E,0,8476323,Ottawa Senators,6380830,OTT,612,00:54
2016020265,OTT,Max,McCormick,3,08:31,08:36,11,,,517,9,#C8102E,0,8476323,Ottawa Senators,6380831,OTT,632,00:05
2016020265,OTT,Max,McCormick,3,09:16,09:24,12,,,517,9,#C8102E,0,8476323,Ottawa Senators,6380832,OTT,634,00:08
2016020265,OTT,Max,McCormick,3,11:43,12:39,13,,,517,9,#C8102E,0,8476323,Ottawa Senators,6380833,OTT,643,00:56
2016020265,OTT,Max,McCormick,3,19:41,20:00,14,,,517,9,#C8102E,0,8476323,Ottawa Senators,6380834,OTT,819,00:19
2016020265,FLA,Vincent,Trocheck,1,00:25,01:00,1,,,517,13,#041E42,0,8476389,Florida Panthers,6378470,FLA,151,00:35
2016020265,FLA,Vincent,Trocheck,1,03:53,04:37,2,,,517,13,#041E42,0,8476389,Florida Panthers,6378471,FLA,160,00:44
2016020265,FLA,Vincent,Trocheck,1,06:15,06:34,3,,,517,13,#041E42,0,8476389,Florida Panthers,6378472,FLA,174,00:19
2016020265,FLA,Vincent,Trocheck,1,07:08,08:13,4,,,517,13,#041E42,0,8476389,Florida Panthers,6378473,FLA,178,01:05
2016020265,FLA,Vincent,Trocheck,1,10:11,11:10,5,,,517,13,#041E42,0,8476389,Florida Panthers,6378474,FLA,185,00:59
2016020265,FLA,Vincent,Trocheck,1,13:21,14:33,6,,,517,13,#041E42,0,8476389,Florida Panthers,6378475,FLA,193,01:12
2016020265,FLA,Vincent,Trocheck,1,16:35,17:31,7,,,517,13,#041E42,0,8476389,Florida Panthers,6378476,FLA,304,00:56
2016020265,FLA,Vincent,Trocheck,1,19:00,19:27,8,,,517,13,#041E42,0,8476389,Florida Panthers,6378477,FLA,313,00:27
2016020265,FLA,Vincent,Trocheck,2,00:53,02:01,9,,,517,13,#041E42,0,8476389,Florida Panthers,6380835,FLA,320,01:08
2016020265,FLA,Vincent,Trocheck,2,04:50,06:03,10,,,517,13,#041E42,0,8476389,Florida Panthers,6380836,FLA,334,01:13
2016020265,FLA,Vincent,Trocheck,2,06:40,06:52,11,,,517,13,#041E42,0,8476389,Florida Panthers,6380837,FLA,338,00:12
2016020265,FLA,Vincent,Trocheck,2,07:57,09:07,12,,,517,13,#041E42,0,8476389,Florida Panthers,6380838,FLA,344,01:10
2016020265,FLA,Vincent,Trocheck,2,10:54,12:03,13,,,517,13,#041E42,0,8476389,Florida Panthers,6380839,FLA,349,01:09
2016020265,FLA,Vincent,Trocheck,2,14:41,15:53,14,,,517,13,#041E42,0,8476389,Florida Panthers,6380840,FLA,510,01:12
2016020265,FLA,Vincent,Trocheck,2,18:06,19:18,15,,,517,13,#041E42,0,8476389,Florida Panthers,6380841,FLA,524,01:12
2016020265,FLA,Vincent,Trocheck,3,00:28,01:20,16,,,517,13,#041E42,0,8476389,Florida Panthers,6380842,FLA,531,00:52
2016020265,FLA,Vincent,Trocheck,3,02:30,03:21,17,,,517,13,#041E42,0,8476389,Florida Panthers,6380843,FLA,537,00:51
2016020265,FLA,Vincent,Trocheck,3,04:45,05:42,18,,,517,13,#041E42,0,8476389,Florida Panthers,6380844,FLA,548,00:57
2016020265,FLA,Vincent,Trocheck,3,07:54,08:36,19,,,517,13,#041E42,0,8476389,Florida Panthers,6380845,FLA,755,00:42
2016020265,FLA,Vincent,Trocheck,3,09:16,10:08,20,,,517,13,#041E42,0,8476389,Florida Panthers,6380846,FLA,758,00:52
2016020265,FLA,Vincent,Trocheck,3,11:45,12:38,21,,,517,13,#041E42,0,8476389,Florida Panthers,6380847,FLA,767,00:53
2016020265,FLA,Vincent,Trocheck,3,13:28,14:24,22,,,517,13,#041E42,0,8476389,Florida Panthers,6380848,FLA,775,00:56
2016020265,FLA,Vincent,Trocheck,3,15:55,16:38,23,,,517,13,#041E42,0,8476389,Florida Panthers,6380849,FLA,784,00:43
2016020265,FLA,Vincent,Trocheck,3,18:40,19:41,24,,,517,13,#041E42,0,8476389,Florida Panthers,6380850,FLA,790,01:01
2016020265,OTT,Jean-Gabriel,Pageau,1,00:25,01:04,1,,,517,9,#C8102E,0,8476419,Ottawa Senators,6378478,OTT,201,00:39
2016020265,OTT,Jean-Gabriel,Pageau,1,04:11,04:56,2,,,517,9,#C8102E,0,8476419,Ottawa Senators,6378479,OTT,211,00:45
2016020265,OTT,Jean-Gabriel,Pageau,1,07:01,07:39,3,,,517,9,#C8102E,0,8476419,Ottawa Senators,6378480,OTT,221,00:38
2016020265,OTT,Jean-Gabriel,Pageau,1,09:37,10:21,4,,,517,9,#C8102E,0,8476419,Ottawa Senators,6378481,OTT,225,00:44
2016020265,OTT,Jean-Gabriel,Pageau,1,13:27,14:29,5,,,517,9,#C8102E,0,8476419,Ottawa Senators,6378482,OTT,234,01:02
2016020265,OTT,Jean-Gabriel,Pageau,1,14:48,15:37,6,,,517,9,#C8102E,0,8476419,Ottawa Senators,6378483,OTT,236,00:49
2016020265,OTT,Jean-Gabriel,Pageau,1,18:20,19:00,7,,,517,9,#C8102E,0,8476419,Ottawa Senators,6378484,OTT,246,00:40
2016020265,OTT,Jean-Gabriel,Pageau,2,00:00,00:48,8,,,517,9,#C8102E,0,8476419,Ottawa Senators,6380851,OTT,250,00:48
2016020265,OTT,Jean-Gabriel,Pageau,2,03:41,04:34,9,,,517,9,#C8102E,0,8476419,Ottawa Senators,6380852,OTT,359,00:53
2016020265,OTT,Jean-Gabriel,Pageau,2,07:43,07:57,10,,,517,9,#C8102E,0,8476419,Ottawa Senators,6380853,OTT,372,00:14
2016020265,OTT,Jean-Gabriel,Pageau,2,09:07,09:54,11,,,517,9,#C8102E,0,8476419,Ottawa Senators,6380854,OTT,374,00:47
2016020265,OTT,Jean-Gabriel,Pageau,2,13:35,14:40,12,,,517,9,#C8102E,0,8476419,Ottawa Senators,6380855,OTT,386,01:05
2016020265,OTT,Jean-Gabriel,Pageau,2,16:47,18:00,13,,,517,9,#C8102E,0,8476419,Ottawa Senators,6380856,OTT,396,01:13
2016020265,OTT,Jean-Gabriel,Pageau,3,04:45,04:45,0,EVG,"Kyle Turris, Ryan Dzingel",505,9,#C8102E,803,8476419,Ottawa Senators,6383202,OTT,498,
2016020265,OTT,Jean-Gabriel,Pageau,3,00:00,00:28,14,,,517,9,#C8102E,0,8476419,Ottawa Senators,6380857,OTT,605,00:28
2016020265,OTT,Jean-Gabriel,Pageau,3,01:15,01:49,15,,,517,9,#C8102E,0,8476419,Ottawa Senators,6380858,OTT,607,00:34
2016020265,OTT,Jean-Gabriel,Pageau,3,04:19,04:45,16,,,517,9,#C8102E,0,8476419,Ottawa Senators,6380859,OTT,618,00:26
2016020265,OTT,Jean-Gabriel,Pageau,3,05:44,06:48,17,,,517,9,#C8102E,0,8476419,Ottawa Senators,6380860,OTT,622,01:04
2016020265,OTT,Jean-Gabriel,Pageau,3,08:02,08:31,18,,,517,9,#C8102E,0,8476419,Ottawa Senators,6380861,OTT,630,00:29
2016020265,OTT,Jean-Gabriel,Pageau,3,09:24,10:09,19,,,517,9,#C8102E,0,8476419,Ottawa Senators,6380862,OTT,635,00:45
2016020265,OTT,Jean-Gabriel,Pageau,3,12:49,13:21,20,,,517,9,#C8102E,0,8476419,Ottawa Senators,6380863,OTT,647,00:32
2016020265,OTT,Jean-Gabriel,Pageau,3,14:27,15:16,21,,,517,9,#C8102E,0,8476419,Ottawa Senators,6380864,OTT,804,00:49
2016020265,OTT,Jean-Gabriel,Pageau,3,16:45,17:40,22,,,517,9,#C8102E,0,8476419,Ottawa Senators,6380865,OTT,812,00:55
2016020265,OTT,Jean-Gabriel,Pageau,3,18:51,19:41,23,,,517,9,#C8102E,0,8476419,Ottawa Senators,6380866,OTT,817,00:50
2016020265,OTT,Matt,Puempel,1,01:04,02:05,1,,,517,9,#C8102E,0,8476477,Ottawa Senators,6378485,OTT,202,01:01
2016020265,OTT,Matt,Puempel,1,04:56,05:22,2,,,517,9,#C8102E,0,8476477,Ottawa Senators,6378486,OTT,214,00:26
2016020265,OTT,Matt,Puempel,1,07:39,08:23,3,,,517,9,#C8102E,0,8476477,Ottawa Senators,6378487,OTT,222,00:44
2016020265,OTT,Matt,Puempel,1,10:21,11:03,4,,,517,9,#C8102E,0,8476477,Ottawa Senators,6378488,OTT,226,00:42
2016020265,OTT,Matt,Puempel,1,11:10,12:00,5,,,517,9,#C8102E,0,8476477,Ottawa Senators,6378489,OTT,228,00:50
2016020265,OTT,Matt,Puempel,1,14:29,14:48,6,,,517,9,#C8102E,0,8476477,Ottawa Senators,6378490,OTT,235,00:19
2016020265,OTT,Matt,Puempel,1,17:35,18:20,7,,,517,9,#C8102E,0,8476477,Ottawa Senators,6378491,OTT,243,00:45
2016020265,OTT,Matt,Puempel,2,02:52,03:41,8,,,517,9,#C8102E,0,8476477,Ottawa Senators,6380867,OTT,356,00:49
2016020265,OTT,Matt,Puempel,2,06:34,07:43,9,,,517,9,#C8102E,0,8476477,Ottawa Senators,6380868,OTT,369,01:09
2016020265,OTT,Matt,Puempel,2,11:02,11:48,10,,,517,9,#C8102E,0,8476477,Ottawa Senators,6380869,OTT,379,00:46
2016020265,OTT,Matt,Puempel,2,13:00,13:54,11,,,517,9,#C8102E,0,8476477,Ottawa Senators,6380870,OTT,385,00:54
2016020265,OTT,Matt,Puempel,2,17:51,18:42,12,,,517,9,#C8102E,0,8476477,Ottawa Senators,6380871,OTT,397,00:51
2016020265,OTT,Matt,Puempel,3,02:31,03:23,13,,,517,9,#C8102E,0,8476477,Ottawa Senators,6380872,OTT,611,00:52
2016020265,OTT,Matt,Puempel,3,09:16,09:24,14,,,517,9,#C8102E,0,8476477,Ottawa Senators,6380873,OTT,634,00:08
2016020265,OTT,Matt,Puempel,3,11:43,12:39,15,,,517,9,#C8102E,0,8476477,Ottawa Senators,6380874,OTT,643,00:56
2016020265,OTT,Matt,Puempel,3,19:41,20:00,16,,,517,9,#C8102E,0,8476477,Ottawa Senators,6380875,OTT,819,00:19
2016020265,FLA,Seth,Griffith,1,01:00,01:55,1,,,517,13,#041E42,0,8476495,Florida Panthers,6378492,FLA,152,00:55
2016020265,FLA,Seth,Griffith,1,04:30,05:15,2,,,517,13,#041E42,0,8476495,Florida Panthers,6378493,FLA,162,00:45
2016020265,FLA,Seth,Griffith,1,08:23,08:26,3,,,517,13,#041E42,0,8476495,Florida Panthers,6378494,FLA,181,00:03
2016020265,FLA,Seth,Griffith,1,12:00,12:20,4,,,517,13,#041E42,0,8476495,Florida Panthers,6378495,FLA,190,00:20
2016020265,FLA,Seth,Griffith,1,12:53,13:27,5,,,517,13,#041E42,0,8476495,Florida Panthers,6378496,FLA,192,00:34
2016020265,FLA,Seth,Griffith,1,17:31,18:07,6,,,517,13,#041E42,0,8476495,Florida Panthers,6378497,FLA,307,00:36
2016020265,FLA,Seth,Griffith,2,01:58,03:15,7,,,517,13,#041E42,0,8476495,Florida Panthers,6380876,FLA,323,01:17
2016020265,FLA,Seth,Griffith,2,06:03,06:40,8,,,517,13,#041E42,0,8476495,Florida Panthers,6380877,FLA,337,00:37
2016020265,FLA,Seth,Griffith,2,13:40,13:55,9,,,517,13,#041E42,0,8476495,Florida Panthers,6380878,FLA,507,00:15
2016020265,FLA,Seth,Griffith,2,15:05,16:42,10,,,517,13,#041E42,0,8476495,Florida Panthers,6380879,FLA,513,01:37
2016020265,FLA,Seth,Griffith,2,19:18,20:00,11,,,517,13,#041E42,0,8476495,Florida Panthers,6380880,FLA,527,00:42
2016020265,FLA,Seth,Griffith,3,01:20,01:49,12,,,517,13,#041E42,0,8476495,Florida Panthers,6380881,FLA,534,00:29
2016020265,FLA,Seth,Griffith,3,03:34,03:43,13,,,517,13,#041E42,0,8476495,Florida Panthers,6380882,FLA,543,00:09
2016020265,FLA,Seth,Griffith,3,04:13,04:45,14,,,517,13,#041E42,0,8476495,Florida Panthers,6380883,FLA,547,00:32
2016020265,FLA,Seth,Griffith,3,06:49,07:54,15,,,517,13,#041E42,0,8476495,Florida Panthers,6380884,FLA,753,01:05
2016020265,FLA,Seth,Griffith,3,10:14,10:37,16,,,517,13,#041E42,0,8476495,Florida Panthers,6380885,FLA,760,00:23
2016020265,FLA,Seth,Griffith,3,12:38,13:09,17,,,517,13,#041E42,0,8476495,Florida Panthers,6380886,FLA,770,00:31
2016020265,FLA,Seth,Griffith,3,19:41,20:00,18,,,517,13,#041E42,0,8476495,Florida Panthers,6380887,FLA,792,00:19
2016020265,FLA,Jonathan,Marchessault,1,00:25,01:00,1,,,517,13,#041E42,0,8476539,Florida Panthers,6378498,FLA,151,00:35
2016020265,FLA,Jonathan,Marchessault,1,03:48,04:42,2,,,517,13,#041E42,0,8476539,Florida Panthers,6378499,FLA,159,00:54
2016020265,FLA,Jonathan,Marchessault,1,06:49,08:26,3,,,517,13,#041E42,0,8476539,Florida Panthers,6378500,FLA,316,01:37
2016020265,FLA,Jonathan,Marchessault,1,13:27,14:33,4,,,517,13,#041E42,0,8476539,Florida Panthers,6378501,FLA,194,01:06
2016020265,FLA,Jonathan,Marchessault,1,16:33,17:31,5,,,517,13,#041E42,0,8476539,Florida Panthers,6378502,FLA,303,00:58
2016020265,FLA,Jonathan,Marchessault,1,18:56,19:27,6,,,517,13,#041E42,0,8476539,Florida Panthers,6378503,FLA,312,00:31
2016020265,FLA,Jonathan,Marchessault,2,15:05,15:05,0,EVG,"Jason Demers, Vincent Trocheck",505,13,#041E42,801,8476539,Florida Panthers,6378843,FLA,474,
2016020265,FLA,Jonathan,Marchessault,2,00:49,02:06,7,,,517,13,#041E42,0,8476539,Florida Panthers,6380888,FLA,318,01:17
2016020265,FLA,Jonathan,Marchessault,2,04:50,06:03,8,,,517,13,#041E42,0,8476539,Florida Panthers,6380889,FLA,334,01:13
2016020265,FLA,Jonathan,Marchessault,2,10:54,12:39,9,,,517,13,#041E42,0,8476539,Florida Panthers,6380890,FLA,349,01:45
2016020265,FLA,Jonathan,Marchessault,2,14:41,15:05,10,,,517,13,#041E42,0,8476539,Florida Panthers,6380891,FLA,510,00:24
2016020265,FLA,Jonathan,Marchessault,2,18:32,19:26,11,,,517,13,#041E42,0,8476539,Florida Panthers,6380892,FLA,525,00:54
2016020265,FLA,Jonathan,Marchessault,3,00:28,01:16,12,,,517,13,#041E42,0,8476539,Florida Panthers,6380893,FLA,531,00:48
2016020265,FLA,Jonathan,Marchessault,3,02:33,03:34,13,,,517,13,#041E42,0,8476539,Florida Panthers,6380894,FLA,538,01:01
2016020265,FLA,Jonathan,Marchessault,3,04:45,05:42,14,,,517,13,#041E42,0,8476539,Florida Panthers,6380895,FLA,548,00:57
2016020265,FLA,Jonathan,Marchessault,3,07:54,08:36,15,,,517,13,#041E42,0,8476539,Florida Panthers,6380896,FLA,755,00:42
2016020265,FLA,Jonathan,Marchessault,3,09:16,10:14,16,,,517,13,#041E42,0,8476539,Florida Panthers,6380897,FLA,758,00:58
2016020265,FLA,Jonathan,Marchessault,3,11:42,12:38,17,,,517,13,#041E42,0,8476539,Florida Panthers,6380898,FLA,766,00:56
2016020265,FLA,Jonathan,Marchessault,3,13:28,14:24,18,,,517,13,#041E42,0,8476539,Florida Panthers,6380899,FLA,775,00:56
2016020265,FLA,Jonathan,Marchessault,3,15:59,16:38,19,,,517,13,#041E42,0,8476539,Florida Panthers,6380900,FLA,785,00:39
2016020265,FLA,Jonathan,Marchessault,3,18:40,19:41,20,,,517,13,#041E42,0,8476539,Florida Panthers,6380901,FLA,790,01:01
2016020265,FLA,Michael,Matheson,1,01:21,02:13,1,,,517,13,#041E42,0,8476875,Florida Panthers,6378504,FLA,153,00:52
2016020265,FLA,Michael,Matheson,1,04:03,04:50,2,,,517,13,#041E42,0,8476875,Florida Panthers,6378505,FLA,161,00:47
2016020265,FLA,Michael,Matheson,1,06:03,07:02,3,,,517,13,#041E42,0,8476875,Florida Panthers,6378506,FLA,171,00:59
2016020265,FLA,Michael,Matheson,1,08:26,09:37,4,,,517,13,#041E42,0,8476875,Florida Panthers,6378507,FLA,182,01:11
2016020265,FLA,Michael,Matheson,1,11:56,12:53,5,,,517,13,#041E42,0,8476875,Florida Panthers,6378508,FLA,188,00:57
2016020265,FLA,Michael,Matheson,1,14:37,16:16,6,,,517,13,#041E42,0,8476875,Florida Panthers,6378509,FLA,196,01:39
2016020265,FLA,Michael,Matheson,1,17:31,18:46,7,,,517,13,#041E42,0,8476875,Florida Panthers,6378510,FLA,307,01:15
2016020265,FLA,Michael,Matheson,2,01:45,02:58,8,,,517,13,#041E42,0,8476875,Florida Panthers,6380902,FLA,322,01:13
2016020265,FLA,Michael,Matheson,2,05:00,06:03,9,,,517,13,#041E42,0,8476875,Florida Panthers,6380903,FLA,335,01:03
2016020265,FLA,Michael,Matheson,2,06:40,07:23,10,,,517,13,#041E42,0,8476875,Florida Panthers,6380904,FLA,338,00:43
2016020265,FLA,Michael,Matheson,2,07:57,09:07,11,,,517,13,#041E42,0,8476875,Florida Panthers,6380905,FLA,344,01:10
2016020265,FLA,Michael,Matheson,2,10:54,11:59,12,,,517,13,#041E42,0,8476875,Florida Panthers,6380906,FLA,349,01:05
2016020265,FLA,Michael,Matheson,2,13:49,14:44,13,,,517,13,#041E42,0,8476875,Florida Panthers,6380907,FLA,508,00:55
2016020265,FLA,Michael,Matheson,2,17:00,17:57,14,,,517,13,#041E42,0,8476875,Florida Panthers,6380908,FLA,519,00:57
2016020265,FLA,Michael,Matheson,2,19:18,20:00,15,,,517,13,#041E42,0,8476875,Florida Panthers,6380909,FLA,527,00:42
2016020265,FLA,Michael,Matheson,3,00:28,01:13,16,,,517,13,#041E42,0,8476875,Florida Panthers,6380910,FLA,531,00:45
2016020265,FLA,Michael,Matheson,3,02:54,03:43,17,,,517,13,#041E42,0,8476875,Florida Panthers,6380911,FLA,540,00:49
2016020265,FLA,Michael,Matheson,3,04:45,05:42,18,,,517,13,#041E42,0,8476875,Florida Panthers,6380912,FLA,548,00:57
2016020265,FLA,Michael,Matheson,3,07:01,07:54,19,,,517,13,#041E42,0,8476875,Florida Panthers,6380913,FLA,754,00:53
2016020265,FLA,Michael,Matheson,3,10:08,11:25,20,,,517,13,#041E42,0,8476875,Florida Panthers,6380914,FLA,759,01:17
2016020265,FLA,Michael,Matheson,3,12:49,14:21,21,,,517,13,#041E42,0,8476875,Florida Panthers,6380915,FLA,771,01:32
2016020265,FLA,Michael,Matheson,3,16:38,17:44,22,,,517,13,#041E42,0,8476875,Florida Panthers,6380916,FLA,786,01:06
2016020265,FLA,Michael,Matheson,3,19:41,20:00,23,,,517,13,#041E42,0,8476875,Florida Panthers,6380917,FLA,792,00:19
2016020265,OTT,Cody,Ceci,1,00:00,00:25,1,,,517,9,#C8102E,0,8476879,Ottawa Senators,6378511,OTT,3,00:25
2016020265,OTT,Cody,Ceci,1,03:02,03:50,2,,,517,9,#C8102E,0,8476879,Ottawa Senators,6378512,OTT,208,00:48
2016020265,OTT,Cody,Ceci,1,05:20,06:10,3,,,517,9,#C8102E,0,8476879,Ottawa Senators,6378513,OTT,215,00:50
2016020265,OTT,Cody,Ceci,1,08:23,08:26,4,,,517,9,#C8102E,0,8476879,Ottawa Senators,6378514,OTT,223,00:03
2016020265,OTT,Cody,Ceci,1,09:37,10:21,5,,,517,9,#C8102E,0,8476879,Ottawa Senators,6378515,OTT,225,00:44
2016020265,OTT,Cody,Ceci,1,11:10,12:00,6,,,517,9,#C8102E,0,8476879,Ottawa Senators,6378516,OTT,228,00:50
2016020265,OTT,Cody,Ceci,1,14:29,15:40,7,,,517,9,#C8102E,0,8476879,Ottawa Senators,6378517,OTT,235,01:11
2016020265,OTT,Cody,Ceci,1,17:43,18:20,8,,,517,9,#C8102E,0,8476879,Ottawa Senators,6378518,OTT,244,00:37
2016020265,OTT,Cody,Ceci,1,18:52,19:27,9,,,517,9,#C8102E,0,8476879,Ottawa Senators,6378519,OTT,247,00:35
2016020265,OTT,Cody,Ceci,2,00:53,02:08,10,,,517,9,#C8102E,0,8476879,Ottawa Senators,6380918,OTT,352,01:15
2016020265,OTT,Cody,Ceci,2,04:07,04:42,11,,,517,9,#C8102E,0,8476879,Ottawa Senators,6380919,OTT,360,00:35
2016020265,OTT,Cody,Ceci,2,05:20,05:54,12,,,517,9,#C8102E,0,8476879,Ottawa Senators,6380920,OTT,366,00:34
2016020265,OTT,Cody,Ceci,2,09:07,09:30,13,,,517,9,#C8102E,0,8476879,Ottawa Senators,6380921,OTT,374,00:23
2016020265,OTT,Cody,Ceci,2,10:09,11:02,14,,,517,9,#C8102E,0,8476879,Ottawa Senators,6380922,OTT,377,00:53
2016020265,OTT,Cody,Ceci,2,12:04,12:39,15,,,517,9,#C8102E,0,8476879,Ottawa Senators,6380923,OTT,383,00:35
2016020265,OTT,Cody,Ceci,2,13:54,15:05,16,,,517,9,#C8102E,0,8476879,Ottawa Senators,6380924,OTT,387,01:11
2016020265,OTT,Cody,Ceci,2,16:47,18:08,17,,,517,9,#C8102E,0,8476879,Ottawa Senators,6380925,OTT,396,01:21
2016020265,OTT,Cody,Ceci,2,18:42,19:45,18,,,517,9,#C8102E,0,8476879,Ottawa Senators,6380926,OTT,400,01:03
2016020265,OTT,Cody,Ceci,3,00:28,01:29,19,,,517,9,#C8102E,0,8476879,Ottawa Senators,6380927,OTT,606,01:01
2016020265,OTT,Cody,Ceci,3,02:43,03:38,20,,,517,9,#C8102E,0,8476879,Ottawa Senators,6380928,OTT,613,00:55
2016020265,OTT,Cody,Ceci,3,04:45,05:03,21,,,517,9,#C8102E,0,8476879,Ottawa Senators,6380929,OTT,620,00:18
2016020265,OTT,Cody,Ceci,3,06:03,06:10,22,,,517,9,#C8102E,0,8476879,Ottawa Senators,6380930,OTT,623,00:07
2016020265,OTT,Cody,Ceci,3,06:48,07:19,23,,,517,9,#C8102E,0,8476879,Ottawa Senators,6380931,OTT,625,00:31
2016020265,OTT,Cody,Ceci,3,08:07,08:36,24,,,517,9,#C8102E,0,8476879,Ottawa Senators,6380932,OTT,631,00:29
2016020265,OTT,Cody,Ceci,3,09:16,09:53,25,,,517,9,#C8102E,0,8476879,Ottawa Senators,6380933,OTT,634,00:37
2016020265,OTT,Cody,Ceci,3,12:39,13:21,26,,,517,9,#C8102E,0,8476879,Ottawa Senators,6380934,OTT,646,00:42
2016020265,OTT,Cody,Ceci,3,13:28,14:12,27,,,517,9,#C8102E,0,8476879,Ottawa Senators,6380935,OTT,650,00:44
2016020265,OTT,Cody,Ceci,3,15:16,16:01,28,,,517,9,#C8102E,0,8476879,Ottawa Senators,6380936,OTT,806,00:45
2016020265,OTT,Cody,Ceci,3,17:40,18:40,29,,,517,9,#C8102E,0,8476879,Ottawa Senators,6380937,OTT,813,01:00
2016020265,FLA,Aleksander,Barkov,1,00:00,00:25,1,,,517,13,#041E42,0,8477493,Florida Panthers,6378520,FLA,4,00:25
2016020265,FLA,Aleksander,Barkov,1,03:02,03:53,2,,,517,13,#041E42,0,8477493,Florida Panthers,6378521,FLA,158,00:51
2016020265,FLA,Aleksander,Barkov,1,05:22,06:06,3,,,517,13,#041E42,0,8477493,Florida Panthers,6378522,FLA,169,00:44
2016020265,FLA,Aleksander,Barkov,1,08:26,09:37,4,,,517,13,#041E42,0,8477493,Florida Panthers,6378523,FLA,182,01:11
2016020265,FLA,Aleksander,Barkov,1,11:10,12:00,5,,,517,13,#041E42,0,8477493,Florida Panthers,6378524,FLA,187,00:50
2016020265,FLA,Aleksander,Barkov,1,14:33,15:43,6,,,517,13,#041E42,0,8477493,Florida Panthers,6378525,FLA,195,01:10
2016020265,FLA,Aleksander,Barkov,1,18:07,19:00,7,,,517,13,#041E42,0,8477493,Florida Panthers,6378526,FLA,309,00:53
2016020265,FLA,Aleksander,Barkov,2,00:00,00:53,8,,,517,13,#041E42,0,8477493,Florida Panthers,6380938,FLA,317,00:53
2016020265,FLA,Aleksander,Barkov,2,03:42,04:50,9,,,517,13,#041E42,0,8477493,Florida Panthers,6380939,FLA,330,01:08
2016020265,FLA,Aleksander,Barkov,2,06:55,07:57,10,,,517,13,#041E42,0,8477493,Florida Panthers,6380940,FLA,340,01:02
2016020265,FLA,Aleksander,Barkov,2,09:07,09:30,11,,,517,13,#041E42,0,8477493,Florida Panthers,6380941,FLA,345,00:23
2016020265,FLA,Aleksander,Barkov,2,10:09,10:54,12,,,517,13,#041E42,0,8477493,Florida Panthers,6380942,FLA,348,00:45
2016020265,FLA,Aleksander,Barkov,2,13:55,14:41,13,,,517,13,#041E42,0,8477493,Florida Panthers,6380943,FLA,509,00:46
2016020265,FLA,Aleksander,Barkov,2,17:20,18:06,14,,,517,13,#041E42,0,8477493,Florida Panthers,6380944,FLA,520,00:46
2016020265,OTT,Curtis,Lazar,1,02:14,03:15,1,,,517,9,#C8102E,0,8477508,Ottawa Senators,6378527,OTT,206,01:01
2016020265,OTT,Curtis,Lazar,1,05:57,06:45,2,,,517,9,#C8102E,0,8477508,Ottawa Senators,6378528,OTT,217,00:48
2016020265,OTT,Curtis,Lazar,1,12:00,12:53,3,,,517,9,#C8102E,0,8477508,Ottawa Senators,6378529,OTT,230,00:53
2016020265,OTT,Curtis,Lazar,1,15:40,16:30,4,,,517,9,#C8102E,0,8477508,Ottawa Senators,6378530,OTT,238,00:50
2016020265,OTT,Curtis,Lazar,2,02:08,02:52,5,,,517,9,#C8102E,0,8477508,Ottawa Senators,6380945,OTT,355,00:44
2016020265,OTT,Curtis,Lazar,2,05:20,06:34,6,,,517,9,#C8102E,0,8477508,Ottawa Senators,6380946,OTT,366,01:14
2016020265,OTT,Curtis,Lazar,2,10:09,11:02,7,,,517,9,#C8102E,0,8477508,Ottawa Senators,6380947,OTT,377,00:53
2016020265,OTT,Curtis,Lazar,2,12:39,13:00,8,,,517,9,#C8102E,0,8477508,Ottawa Senators,6380948,OTT,384,00:21
2016020265,OTT,Curtis,Lazar,2,16:03,16:47,9,,,517,9,#C8102E,0,8477508,Ottawa Senators,6380949,OTT,394,00:44
2016020265,OTT,Curtis,Lazar,2,19:45,20:00,10,,,517,9,#C8102E,0,8477508,Ottawa Senators,6380950,OTT,604,00:15
2016020265,OTT,Curtis,Lazar,3,01:49,02:39,11,,,517,9,#C8102E,0,8477508,Ottawa Senators,6380951,OTT,610,00:50
2016020265,OTT,Curtis,Lazar,3,04:45,05:03,12,,,517,9,#C8102E,0,8477508,Ottawa Senators,6380952,OTT,620,00:18
2016020265,OTT,Curtis,Lazar,3,07:07,07:19,13,,,517,9,#C8102E,0,8477508,Ottawa Senators,6380953,OTT,626,00:12
2016020265,OTT,Curtis,Lazar,3,08:36,09:16,14,,,517,9,#C8102E,0,8477508,Ottawa Senators,6380954,OTT,633,00:40
2016020265,OTT,Curtis,Lazar,3,11:06,11:53,15,,,517,9,#C8102E,0,8477508,Ottawa Senators,6380955,OTT,641,00:47
2016020265,OTT,Curtis,Lazar,3,15:16,15:58,16,,,517,9,#C8102E,0,8477508,Ottawa Senators,6380956,OTT,806,00:42
2016020265,FLA,Aaron,Ekblad,1,00:25,01:47,1,,,517,13,#041E42,0,8477932,Florida Panthers,6378531,FLA,151,01:22
2016020265,FLA,Aaron,Ekblad,1,03:02,04:03,2,,,517,13,#041E42,0,8477932,Florida Panthers,6378532,FLA,158,01:01
2016020265,FLA,Aaron,Ekblad,1,05:22,06:15,3,,,517,13,#041E42,0,8477932,Florida Panthers,6378533,FLA,169,00:53
2016020265,FLA,Aaron,Ekblad,1,07:39,08:26,4,,,517,13,#041E42,0,8477932,Florida Panthers,6378534,FLA,179,00:47
2016020265,FLA,Aaron,Ekblad,1,10:11,11:10,5,,,517,13,#041E42,0,8477932,Florida Panthers,6378535,FLA,185,00:59
2016020265,FLA,Aaron,Ekblad,1,12:53,13:21,6,,,517,13,#041E42,0,8477932,Florida Panthers,6378536,FLA,192,00:28
2016020265,FLA,Aaron,Ekblad,1,16:16,17:07,7,,,517,13,#041E42,0,8477932,Florida Panthers,6378537,FLA,302,00:51
2016020265,FLA,Aaron,Ekblad,1,18:46,19:27,8,,,517,13,#041E42,0,8477932,Florida Panthers,6378538,FLA,311,00:41
2016020265,FLA,Aaron,Ekblad,2,00:52,01:45,9,,,517,13,#041E42,0,8477932,Florida Panthers,6380957,FLA,319,00:53
2016020265,FLA,Aaron,Ekblad,2,03:47,05:00,10,,,517,13,#041E42,0,8477932,Florida Panthers,6380958,FLA,331,01:13
2016020265,FLA,Aaron,Ekblad,2,07:18,07:57,11,,,517,13,#041E42,0,8477932,Florida Panthers,6380959,FLA,341,00:39
2016020265,FLA,Aaron,Ekblad,2,09:30,10:54,12,,,517,13,#041E42,0,8477932,Florida Panthers,6380960,FLA,346,01:24
2016020265,FLA,Aaron,Ekblad,2,13:19,13:49,13,,,517,13,#041E42,0,8477932,Florida Panthers,6380961,FLA,504,00:30
2016020265,FLA,Aaron,Ekblad,2,15:53,17:00,14,,,517,13,#041E42,0,8477932,Florida Panthers,6380962,FLA,514,01:07
2016020265,FLA,Aaron,Ekblad,2,18:40,19:18,15,,,517,13,#041E42,0,8477932,Florida Panthers,6380963,FLA,526,00:38
2016020265,FLA,Aaron,Ekblad,3,01:13,02:09,16,,,517,13,#041E42,0,8477932,Florida Panthers,6380964,FLA,532,00:56
2016020265,FLA,Aaron,Ekblad,3,03:43,04:11,17,,,517,13,#041E42,0,8477932,Florida Panthers,6380965,FLA,545,00:28
2016020265,FLA,Aaron,Ekblad,3,05:42,06:10,18,,,517,13,#041E42,0,8477932,Florida Panthers,6380966,FLA,550,00:28
2016020265,FLA,Aaron,Ekblad,3,07:54,09:12,19,,,517,13,#041E42,0,8477932,Florida Panthers,6380967,FLA,755,01:18
2016020265,FLA,Aaron,Ekblad,3,11:25,11:55,20,,,517,13,#041E42,0,8477932,Florida Panthers,6380968,FLA,765,00:30
2016020265,FLA,Aaron,Ekblad,3,15:59,16:38,21,,,517,13,#041E42,0,8477932,Florida Panthers,6380969,FLA,785,00:39
2016020265,FLA,Aaron,Ekblad,3,18:47,19:41,22,,,517,13,#041E42,0,8477932,Florida Panthers,6380970,FLA,791,00:54
2016020265,FLA,Jared,McCann,1,01:48,03:02,1,,,517,13,#041E42,0,8477955,Florida Panthers,6378539,FLA,155,01:14
2016020265,FLA,Jared,McCann,1,05:56,06:49,2,,,517,13,#041E42,0,8477955,Florida Panthers,6378540,FLA,170,00:53
2016020265,FLA,Jared,McCann,1,12:20,12:53,3,,,517,13,#041E42,0,8477955,Florida Panthers,6378541,FLA,191,00:33
2016020265,FLA,Jared,McCann,1,14:48,16:33,4,,,517,13,#041E42,0,8477955,Florida Panthers,6378542,FLA,198,01:45
2016020265,FLA,Jared,McCann,1,19:27,20:00,5,,,517,13,#041E42,0,8477955,Florida Panthers,6378543,FLA,315,00:33
2016020265,FLA,Jared,McCann,2,03:13,03:57,6,,,517,13,#041E42,0,8477955,Florida Panthers,6380971,FLA,328,00:44
2016020265,FLA,Jared,McCann,2,06:40,07:21,7,,,517,13,#041E42,0,8477955,Florida Panthers,6380972,FLA,338,00:41
2016020265,FLA,Jared,McCann,2,12:39,13:19,8,,,517,13,#041E42,0,8477955,Florida Panthers,6380973,FLA,503,00:40
2016020265,FLA,Jared,McCann,2,16:46,17:33,9,,,517,13,#041E42,0,8477955,Florida Panthers,6380974,FLA,518,00:47
2016020265,FLA,Jared,McCann,3,03:43,04:13,10,,,517,13,#041E42,0,8477955,Florida Panthers,6380975,FLA,545,00:30
2016020265,FLA,Jared,McCann,3,13:09,13:21,11,,,517,13,#041E42,0,8477955,Florida Panthers,6380976,FLA,773,00:12
2016020265,FLA,Jared,McCann,3,14:24,15:02,12,,,517,13,#041E42,0,8477955,Florida Panthers,6380977,FLA,778,00:38
2016020265,FLA,Jared,McCann,3,16:38,17:38,13,,,517,13,#041E42,0,8477955,Florida Panthers,6380978,FLA,786,01:00
2016020265,FLA,Denis,Malgin,1,01:00,01:48,1,,,517,13,#041E42,0,8478843,Florida Panthers,6378544,FLA,152,00:48
2016020265,FLA,Denis,Malgin,1,04:37,05:15,2,,,517,13,#041E42,0,8478843,Florida Panthers,6378545,FLA,163,00:38
2016020265,FLA,Denis,Malgin,1,08:13,08:26,3,,,517,13,#041E42,0,8478843,Florida Panthers,6378546,FLA,180,00:13
2016020265,FLA,Denis,Malgin,1,12:00,12:20,4,,,517,13,#041E42,0,8478843,Florida Panthers,6378547,FLA,190,00:20
2016020265,FLA,Denis,Malgin,1,12:53,13:21,5,,,517,13,#041E42,0,8478843,Florida Panthers,6378548,FLA,192,00:28
2016020265,FLA,Denis,Malgin,1,17:31,18:07,6,,,517,13,#041E42,0,8478843,Florida Panthers,6378549,FLA,307,00:36
2016020265,FLA,Denis,Malgin,2,02:01,02:44,7,,,517,13,#041E42,0,8478843,Florida Panthers,6380979,FLA,324,00:43
2016020265,FLA,Denis,Malgin,2,06:03,06:40,8,,,517,13,#041E42,0,8478843,Florida Panthers,6380980,FLA,337,00:37
2016020265,FLA,Denis,Malgin,2,12:03,12:39,9,,,517,13,#041E42,0,8478843,Florida Panthers,6380981,FLA,502,00:36
2016020265,FLA,Denis,Malgin,2,13:26,13:55,10,,,517,13,#041E42,0,8478843,Florida Panthers,6380982,FLA,505,00:29
2016020265,FLA,Denis,Malgin,2,15:53,16:39,11,,,517,13,#041E42,0,8478843,Florida Panthers,6380983,FLA,514,00:46
2016020265,FLA,Denis,Malgin,2,19:18,19:45,12,,,517,13,#041E42,0,8478843,Florida Panthers,6380984,FLA,527,00:27
2016020265,FLA,Denis,Malgin,3,01:20,01:49,13,,,517,13,#041E42,0,8478843,Florida Panthers,6380985,FLA,534,00:29
2016020265,FLA,Denis,Malgin,3,03:21,03:43,14,,,517,13,#041E42,0,8478843,Florida Panthers,6380986,FLA,542,00:22
2016020265,FLA,Denis,Malgin,3,04:13,04:45,15,,,517,13,#041E42,0,8478843,Florida Panthers,6380987,FLA,547,00:32
2016020265,FLA,Denis,Malgin,3,06:45,07:54,16,,,517,13,#041E42,0,8478843,Florida Panthers,6380988,FLA,752,01:09
2016020265,FLA,Denis,Malgin,3,10:08,11:01,17,,,517,13,#041E42,0,8478843,Florida Panthers,6380989,FLA,759,00:53
2016020265,FLA,Denis,Malgin,3,12:38,13:09,18,,,517,13,#041E42,0,8478843,Florida Panthers,6380990,FLA,770,00:31
2016020265,FLA,Denis,Malgin,3,19:41,20:00,19,,,517,13,#041E42,0,8478843,Florida Panthers,6380991,FLA,792,00:19
