gameId,teamAbbrev,firstName,lastName,period,startTime,endTime,shiftNumber,eventDescription,eventDetails,typeCode,teamId,hexValue,detailCode,playerId,teamName,id,teamAbbrev,eventNumber,duration
2014020745,NJD,Jaromir,Jagr,1,00:00,00:42,1,,,517,1,#CE1126,0,8448208,New Jersey Devils,4351704,NJD,3,00:42
2014020745,NJD,Jaromir,Jagr,1,04:44,05:58,2,,,517,1,#CE1126,0,8448208,New Jersey Devils,4351705,NJD,164,01:14
2014020745,NJD,Jaromir,Jagr,1,07:33,07:36,3,,,517,1,#CE1126,0,8448208,New Jersey Devils,4351706,NJD,167,00:03
2014020745,NJD,Jaromir,Jagr,1,09:47,10:10,4,,,517,1,#CE1126,0,8448208,New Jersey Devils,4351707,NJD,171,00:23
2014020745,NJD,Jaromir,Jagr,1,12:07,13:26,5,,,517,1,#CE1126,0,8448208,New Jersey Devils,4351708,NJD,178,01:19
2014020745,NJD,Jaromir,Jagr,1,16:12,16:53,6,,,517,1,#CE1126,0,8448208,New Jersey Devils,4351709,NJD,188,00:41
2014020745,NJD,Jaromir,Jagr,1,18:11,19:02,7,,,517,1,#CE1126,0,8448208,New Jersey Devils,4351710,NJD,191,00:51
2014020745,NJD,Jaromir,Jagr,2,02:11,03:14,8,,,517,1,#CE1126,0,8448208,New Jersey Devils,4351711,NJD,199,01:03
2014020745,NJD,Jaromir,Jagr,2,06:09,07:16,9,,,517,1,#CE1126,0,8448208,New Jersey Devils,4351712,NJD,356,01:07
2014020745,NJD,Jaromir,Jagr,2,10:00,10:33,10,,,517,1,#CE1126,0,8448208,New Jersey Devils,4351713,NJD,363,00:33
2014020745,NJD,Jaromir,Jagr,2,12:08,13:02,11,,,517,1,#CE1126,0,8448208,New Jersey Devils,4351714,NJD,369,00:54
2014020745,NJD,Jaromir,Jagr,2,14:07,14:38,12,,,517,1,#CE1126,0,8448208,New Jersey Devils,4351715,NJD,374,00:31
2014020745,NJD,Jaromir,Jagr,2,18:00,18:23,13,,,517,1,#CE1126,0,8448208,New Jersey Devils,4351716,NJD,381,00:23
2014020745,NJD,Jaromir,Jagr,2,19:18,20:00,14,,,517,1,#CE1126,0,8448208,New Jersey Devils,4351717,NJD,386,00:42
2014020745,NJD,Jaromir,Jagr,3,00:00,01:12,15,,,517,1,#CE1126,0,8448208,New Jersey Devils,4351718,NJD,387,01:12
2014020745,NJD,Jaromir,Jagr,3,04:30,05:02,16,,,517,1,#CE1126,0,8448208,New Jersey Devils,4351719,NJD,395,00:32
2014020745,NJD,Jaromir,Jagr,3,07:27,08:05,17,,,517,1,#CE1126,0,8448208,New Jersey Devils,4351720,NJD,400,00:38
2014020745,NJD,Jaromir,Jagr,3,10:25,10:58,18,,,517,1,#CE1126,0,8448208,New Jersey Devils,4351721,NJD,506,00:33
2014020745,NJD,Jaromir,Jagr,3,12:57,13:59,19,,,517,1,#CE1126,0,8448208,New Jersey Devils,4351722,NJD,512,01:02
2014020745,NJD,Jaromir,Jagr,3,16:15,17:02,20,,,517,1,#CE1126,0,8448208,New Jersey Devils,4351723,NJD,520,00:47
2014020745,NJD,Jaromir,Jagr,3,19:02,20:00,21,,,517,1,#CE1126,0,8448208,New Jersey Devils,4351724,NJD,526,00:58
2014020745,NJD,Patrik,Elias,1,00:42,01:44,1,,,517,1,#CE1126,0,8460542,New Jersey Devils,4351725,NJD,151,01:02
2014020745,NJD,Patrik,Elias,1,03:22,03:45,2,,,517,1,#CE1126,0,8460542,New Jersey Devils,4351726,NJD,159,00:23
2014020745,NJD,Patrik,Elias,1,05:58,06:17,3,,,517,1,#CE1126,0,8460542,New Jersey Devils,4351727,NJD,165,00:19
2014020745,NJD,Patrik,Elias,1,08:35,09:47,4,,,517,1,#CE1126,0,8460542,New Jersey Devils,4351728,NJD,169,01:12
2014020745,NJD,Patrik,Elias,1,10:42,11:47,5,,,517,1,#CE1126,0,8460542,New Jersey Devils,4351729,NJD,176,01:05
2014020745,NJD,Patrik,Elias,1,14:18,15:15,6,,,517,1,#CE1126,0,8460542,New Jersey Devils,4351730,NJD,184,00:57
2014020745,NJD,Patrik,Elias,1,16:53,18:11,7,,,517,1,#CE1126,0,8460542,New Jersey Devils,4351731,NJD,190,01:18
2014020745,NJD,Patrik,Elias,1,19:38,20:00,8,,,517,1,#CE1126,0,8460542,New Jersey Devils,4351732,NJD,194,00:22
2014020745,NJD,Patrik,Elias,2,04:54,06:09,9,,,517,1,#CE1126,0,8460542,New Jersey Devils,4351733,NJD,353,01:15
2014020745,NJD,Patrik,Elias,2,09:37,10:26,10,,,517,1,#CE1126,0,8460542,New Jersey Devils,4351734,NJD,362,00:49
2014020745,NJD,Patrik,Elias,2,13:02,14:07,11,,,517,1,#CE1126,0,8460542,New Jersey Devils,4351735,NJD,370,01:05
2014020745,NJD,Patrik,Elias,2,14:38,15:22,12,,,517,1,#CE1126,0,8460542,New Jersey Devils,4351736,NJD,375,00:44
2014020745,NJD,Patrik,Elias,2,16:40,17:34,13,,,517,1,#CE1126,0,8460542,New Jersey Devils,4351737,NJD,379,00:54
2014020745,NJD,Patrik,Elias,2,18:23,19:10,14,,,517,1,#CE1126,0,8460542,New Jersey Devils,4351738,NJD,383,00:47
2014020745,NJD,Patrik,Elias,3,01:12,02:26,15,,,517,1,#CE1126,0,8460542,New Jersey Devils,4351739,NJD,388,01:14
2014020745,NJD,Patrik,Elias,3,05:02,05:37,16,,,517,1,#CE1126,0,8460542,New Jersey Devils,4351740,NJD,397,00:35
2014020745,NJD,Patrik,Elias,3,08:05,09:33,17,,,517,1,#CE1126,0,8460542,New Jersey Devils,4351741,NJD,502,01:28
2014020745,NJD,Patrik,Elias,3,10:58,11:29,18,,,517,1,#CE1126,0,8460542,New Jersey Devils,4351742,NJD,508,00:31
2014020745,NJD,Patrik,Elias,3,13:59,15:07,19,,,517,1,#CE1126,0,8460542,New Jersey Devils,4351743,NJD,514,01:08
2014020745,NJD,Patrik,Elias,3,17:02,17:39,20,,,517,1,#CE1126,0,8460542,New Jersey Devils,4351744,NJD,521,00:37
2014020745,NJD,Patrik,Elias,3,18:24,19:31,21,,,517,1,#CE1126,0,8460542,New Jersey Devils,4351745,NJD,524,01:07
2014020745,NJD,Dainius,Zubrus,1,00:00,00:42,1,,,517,1,#CE1126,0,8464977,New Jersey Devils,4351746,NJD,3,00:42
2014020745,NJD,Dainius,Zubrus,1,03:45,03:58,2,,,517,1,#CE1126,0,8464977,New Jersey Devils,4351747,NJD,161,00:13
2014020745,NJD,Dainius,Zubrus,1,04:44,05:58,3,,,517,1,#CE1126,0,8464977,New Jersey Devils,4351748,NJD,164,01:14
2014020745,NJD,Dainius,Zubrus,1,07:33,07:36,4,,,517,1,#CE1126,0,8464977,New Jersey Devils,4351749,NJD,167,00:03
2014020745,NJD,Dainius,Zubrus,1,09:47,10:17,5,,,517,1,#CE1126,0,8464977,New Jersey Devils,4351750,NJD,171,00:30
2014020745,NJD,Dainius,Zubrus,1,13:26,14:08,6,,,517,1,#CE1126,0,8464977,New Jersey Devils,4351751,NJD,181,00:42
2014020745,NJD,Dainius,Zubrus,1,16:37,16:53,7,,,517,1,#CE1126,0,8464977,New Jersey Devils,4351752,NJD,189,00:16
2014020745,NJD,Dainius,Zubrus,1,18:11,19:02,8,,,517,1,#CE1126,0,8464977,New Jersey Devils,4351753,NJD,191,00:51
2014020745,NJD,Dainius,Zubrus,2,02:11,03:14,9,,,517,1,#CE1126,0,8464977,New Jersey Devils,4351754,NJD,199,01:03
2014020745,NJD,Dainius,Zubrus,2,06:09,07:16,10,,,517,1,#CE1126,0,8464977,New Jersey Devils,4351755,NJD,356,01:07
2014020745,NJD,Dainius,Zubrus,2,10:26,10:33,11,,,517,1,#CE1126,0,8464977,New Jersey Devils,4351756,NJD,365,00:07
2014020745,NJD,Dainius,Zubrus,2,12:08,13:02,12,,,517,1,#CE1126,0,8464977,New Jersey Devils,4351757,NJD,369,00:54
2014020745,NJD,Dainius,Zubrus,2,15:26,16:40,13,,,517,1,#CE1126,0,8464977,New Jersey Devils,4351758,NJD,377,01:14
2014020745,NJD,Dainius,Zubrus,2,18:00,18:23,14,,,517,1,#CE1126,0,8464977,New Jersey Devils,4351759,NJD,381,00:23
2014020745,NJD,Dainius,Zubrus,3,02:26,03:04,15,,,517,1,#CE1126,0,8464977,New Jersey Devils,4351760,NJD,389,00:38
2014020745,NJD,Dainius,Zubrus,3,04:30,05:02,16,,,517,1,#CE1126,0,8464977,New Jersey Devils,4351761,NJD,395,00:32
2014020745,NJD,Dainius,Zubrus,3,07:27,08:05,17,,,517,1,#CE1126,0,8464977,New Jersey Devils,4351762,NJD,400,00:38
2014020745,NJD,Dainius,Zubrus,3,10:21,10:58,18,,,517,1,#CE1126,0,8464977,New Jersey Devils,4351763,NJD,505,00:37
2014020745,NJD,Dainius,Zubrus,3,12:57,13:59,19,,,517,1,#CE1126,0,8464977,New Jersey Devils,4351764,NJD,512,01:02
2014020745,NJD,Dainius,Zubrus,3,16:15,17:02,20,,,517,1,#CE1126,0,8464977,New Jersey Devils,4351765,NJD,520,00:47
2014020745,OTT,David,Legwand,1,00:00,00:37,1,,,517,9,#BF910C,0,8467330,Ottawa Senators,4351766,OTT,4,00:37
2014020745,OTT,David,Legwand,1,03:45,04:17,2,,,517,9,#BF910C,0,8467330,Ottawa Senators,4351767,OTT,111,00:32
2014020745,OTT,David,Legwand,1,06:17,07:13,3,,,517,9,#BF910C,0,8467330,Ottawa Senators,4351768,OTT,116,00:56
2014020745,OTT,David,Legwand,1,09:35,10:20,4,,,517,9,#BF910C,0,8467330,Ottawa Senators,4351769,OTT,121,00:45
2014020745,OTT,David,Legwand,1,12:23,13:26,5,,,517,9,#BF910C,0,8467330,Ottawa Senators,4351770,OTT,128,01:03
2014020745,OTT,David,Legwand,1,15:39,16:29,6,,,517,9,#BF910C,0,8467330,Ottawa Senators,4351771,OTT,135,00:50
2014020745,OTT,David,Legwand,1,18:40,19:32,7,,,517,9,#BF910C,0,8467330,Ottawa Senators,4351772,OTT,144,00:52
2014020745,OTT,David,Legwand,2,00:00,00:41,8,,,517,9,#BF910C,0,8467330,Ottawa Senators,4351773,OTT,146,00:41
2014020745,OTT,David,Legwand,2,04:00,04:48,9,,,517,9,#BF910C,0,8467330,Ottawa Senators,4351774,OTT,306,00:48
2014020745,OTT,David,Legwand,2,08:13,09:10,10,,,517,9,#BF910C,0,8467330,Ottawa Senators,4351775,OTT,316,00:57
2014020745,OTT,David,Legwand,2,11:37,12:46,11,,,517,9,#BF910C,0,8467330,Ottawa Senators,4351776,OTT,323,01:09
2014020745,OTT,David,Legwand,2,13:39,14:02,12,,,517,9,#BF910C,0,8467330,Ottawa Senators,4351777,OTT,328,00:23
2014020745,OTT,David,Legwand,2,16:56,17:52,13,,,517,9,#BF910C,0,8467330,Ottawa Senators,4351778,OTT,338,00:56
2014020745,OTT,David,Legwand,2,19:18,20:00,14,,,517,9,#BF910C,0,8467330,Ottawa Senators,4351779,OTT,345,00:42
2014020745,OTT,David,Legwand,3,00:00,00:35,15,,,517,9,#BF910C,0,8467330,Ottawa Senators,4351780,OTT,346,00:35
2014020745,OTT,David,Legwand,3,03:42,04:30,16,,,517,9,#BF910C,0,8467330,Ottawa Senators,4351781,OTT,410,00:48
2014020745,OTT,David,Legwand,3,05:37,06:24,17,,,517,9,#BF910C,0,8467330,Ottawa Senators,4351782,OTT,415,00:47
2014020745,OTT,David,Legwand,3,09:28,10:24,18,,,517,9,#BF910C,0,8467330,Ottawa Senators,4351783,OTT,425,00:56
2014020745,OTT,David,Legwand,3,12:58,13:51,19,,,517,9,#BF910C,0,8467330,Ottawa Senators,4351784,OTT,434,00:53
2014020745,OTT,David,Legwand,3,16:15,17:02,20,,,517,9,#BF910C,0,8467330,Ottawa Senators,4351785,OTT,440,00:47
2014020745,NJD,Scott,Gomez,1,01:44,02:11,1,,,517,1,#CE1126,0,8467351,New Jersey Devils,4351786,NJD,154,00:27
2014020745,NJD,Scott,Gomez,1,06:17,07:33,2,,,517,1,#CE1126,0,8467351,New Jersey Devils,4351787,NJD,166,01:16
2014020745,NJD,Scott,Gomez,1,10:21,10:42,3,,,517,1,#CE1126,0,8467351,New Jersey Devils,4351788,NJD,174,00:21
2014020745,NJD,Scott,Gomez,1,11:47,13:26,4,,,517,1,#CE1126,0,8467351,New Jersey Devils,4351789,NJD,177,01:39
2014020745,NJD,Scott,Gomez,1,15:15,16:37,5,,,517,1,#CE1126,0,8467351,New Jersey Devils,4351790,NJD,186,01:22
2014020745,NJD,Scott,Gomez,1,19:02,19:38,6,,,517,1,#CE1126,0,8467351,New Jersey Devils,4351791,NJD,193,00:36
2014020745,NJD,Scott,Gomez,2,00:00,01:06,7,,,517,1,#CE1126,0,8467351,New Jersey Devils,4351792,NJD,195,01:06
2014020745,NJD,Scott,Gomez,2,04:00,04:54,8,,,517,1,#CE1126,0,8467351,New Jersey Devils,4351793,NJD,352,00:54
2014020745,NJD,Scott,Gomez,2,08:18,09:18,9,,,517,1,#CE1126,0,8467351,New Jersey Devils,4351794,NJD,360,01:00
2014020745,NJD,Scott,Gomez,2,11:44,12:08,10,,,517,1,#CE1126,0,8467351,New Jersey Devils,4351795,NJD,367,00:24
2014020745,NJD,Scott,Gomez,2,14:07,14:38,11,,,517,1,#CE1126,0,8467351,New Jersey Devils,4351796,NJD,374,00:31
2014020745,NJD,Scott,Gomez,2,15:22,16:40,12,,,517,1,#CE1126,0,8467351,New Jersey Devils,4351797,NJD,376,01:18
2014020745,NJD,Scott,Gomez,2,19:18,20:00,13,,,517,1,#CE1126,0,8467351,New Jersey Devils,4351798,NJD,386,00:42
2014020745,NJD,Scott,Gomez,3,00:00,01:12,14,,,517,1,#CE1126,0,8467351,New Jersey Devils,4351799,NJD,387,01:12
2014020745,NJD,Scott,Gomez,3,03:48,04:30,15,,,517,1,#CE1126,0,8467351,New Jersey Devils,4351800,NJD,393,00:42
2014020745,NJD,Scott,Gomez,3,05:37,06:33,16,,,517,1,#CE1126,0,8467351,New Jersey Devils,4351801,NJD,398,00:56
2014020745,NJD,Scott,Gomez,3,11:55,12:57,17,,,517,1,#CE1126,0,8467351,New Jersey Devils,4351802,NJD,510,01:02
2014020745,NJD,Scott,Gomez,3,15:19,16:15,18,,,517,1,#CE1126,0,8467351,New Jersey Devils,4351803,NJD,518,00:56
2014020745,NJD,Scott,Gomez,3,17:39,18:24,19,,,517,1,#CE1126,0,8467351,New Jersey Devils,4351804,NJD,522,00:45
2014020745,NJD,Scott,Gomez,3,19:28,20:00,20,,,517,1,#CE1126,0,8467351,New Jersey Devils,4351805,NJD,527,00:32
2014020745,OTT,Chris,Neil,1,02:11,02:18,1,,,517,9,#BF910C,0,8467493,Ottawa Senators,4351806,OTT,107,00:07
2014020745,OTT,Chris,Neil,1,15:03,15:39,2,,,517,9,#BF910C,0,8467493,Ottawa Senators,4351807,OTT,133,00:36
2014020745,OTT,Chris,Neil,2,02:57,04:00,3,,,517,9,#BF910C,0,8467493,Ottawa Senators,4351808,OTT,304,01:03
2014020745,OTT,Chris,Neil,2,07:13,08:13,4,,,517,9,#BF910C,0,8467493,Ottawa Senators,4351809,OTT,314,01:00
2014020745,OTT,Chris,Neil,2,10:33,11:45,5,,,517,9,#BF910C,0,8467493,Ottawa Senators,4351810,OTT,322,01:12
2014020745,OTT,Chris,Neil,3,03:04,03:42,6,,,517,9,#BF910C,0,8467493,Ottawa Senators,4351811,OTT,409,00:38
2014020745,OTT,Chris,Neil,3,06:24,07:21,7,,,517,9,#BF910C,0,8467493,Ottawa Senators,4351812,OTT,416,00:57
2014020745,NJD,Martin,Havlat,1,00:42,01:44,1,,,517,1,#CE1126,0,8467899,New Jersey Devils,4351813,NJD,151,01:02
2014020745,NJD,Martin,Havlat,1,05:58,06:17,2,,,517,1,#CE1126,0,8467899,New Jersey Devils,4351814,NJD,165,00:19
2014020745,NJD,Martin,Havlat,1,08:35,09:47,3,,,517,1,#CE1126,0,8467899,New Jersey Devils,4351815,NJD,169,01:12
2014020745,NJD,Martin,Havlat,1,10:42,11:47,4,,,517,1,#CE1126,0,8467899,New Jersey Devils,4351816,NJD,176,01:05
2014020745,NJD,Martin,Havlat,1,14:08,15:15,5,,,517,1,#CE1126,0,8467899,New Jersey Devils,4351817,NJD,183,01:07
2014020745,NJD,Martin,Havlat,1,16:53,18:11,6,,,517,1,#CE1126,0,8467899,New Jersey Devils,4351818,NJD,190,01:18
2014020745,NJD,Martin,Havlat,1,19:38,20:00,7,,,517,1,#CE1126,0,8467899,New Jersey Devils,4351819,NJD,194,00:22
2014020745,NJD,Martin,Havlat,2,01:06,02:11,8,,,517,1,#CE1126,0,8467899,New Jersey Devils,4351820,NJD,197,01:05
2014020745,NJD,Martin,Havlat,2,04:54,06:09,9,,,517,1,#CE1126,0,8467899,New Jersey Devils,4351821,NJD,353,01:15
2014020745,NJD,Martin,Havlat,2,09:18,10:00,10,,,517,1,#CE1126,0,8467899,New Jersey Devils,4351822,NJD,361,00:42
2014020745,NJD,Martin,Havlat,2,13:02,14:07,11,,,517,1,#CE1126,0,8467899,New Jersey Devils,4351823,NJD,370,01:05
2014020745,NJD,Martin,Havlat,2,14:38,15:26,12,,,517,1,#CE1126,0,8467899,New Jersey Devils,4351824,NJD,375,00:48
2014020745,NJD,Martin,Havlat,2,16:40,17:34,13,,,517,1,#CE1126,0,8467899,New Jersey Devils,4351825,NJD,379,00:54
2014020745,NJD,Martin,Havlat,2,18:23,19:18,14,,,517,1,#CE1126,0,8467899,New Jersey Devils,4351826,NJD,383,00:55
2014020745,NJD,Martin,Havlat,3,01:12,02:26,15,,,517,1,#CE1126,0,8467899,New Jersey Devils,4351827,NJD,388,01:14
2014020745,NJD,Martin,Havlat,3,05:02,05:37,16,,,517,1,#CE1126,0,8467899,New Jersey Devils,4351828,NJD,397,00:35
2014020745,NJD,Martin,Havlat,3,08:05,09:33,17,,,517,1,#CE1126,0,8467899,New Jersey Devils,4351829,NJD,502,01:28
2014020745,NJD,Martin,Havlat,3,10:58,11:55,18,,,517,1,#CE1126,0,8467899,New Jersey Devils,4351830,NJD,508,00:57
2014020745,NJD,Martin,Havlat,3,13:59,15:19,19,,,517,1,#CE1126,0,8467899,New Jersey Devils,4351831,NJD,514,01:20
2014020745,NJD,Martin,Havlat,3,17:02,17:39,20,,,517,1,#CE1126,0,8467899,New Jersey Devils,4351832,NJD,521,00:37
2014020745,NJD,Martin,Havlat,3,18:24,19:02,21,,,517,1,#CE1126,0,8467899,New Jersey Devils,4351833,NJD,524,00:38
2014020745,NJD,Tuomo,Ruutu,1,02:11,02:35,1,,,517,1,#CE1126,0,8469462,New Jersey Devils,4351834,NJD,155,00:24
2014020745,NJD,Tuomo,Ruutu,1,07:36,08:35,2,,,517,1,#CE1126,0,8469462,New Jersey Devils,4351835,NJD,168,00:59
2014020745,NJD,Tuomo,Ruutu,1,15:15,15:39,3,,,517,1,#CE1126,0,8469462,New Jersey Devils,4351836,NJD,186,00:24
2014020745,NJD,Tuomo,Ruutu,2,03:14,04:00,4,,,517,1,#CE1126,0,8469462,New Jersey Devils,4351837,NJD,351,00:46
2014020745,NJD,Tuomo,Ruutu,2,07:16,08:18,5,,,517,1,#CE1126,0,8469462,New Jersey Devils,4351838,NJD,359,01:02
2014020745,NJD,Tuomo,Ruutu,2,10:33,11:44,6,,,517,1,#CE1126,0,8469462,New Jersey Devils,4351839,NJD,366,01:11
2014020745,NJD,Tuomo,Ruutu,2,17:34,18:00,7,,,517,1,#CE1126,0,8469462,New Jersey Devils,4351840,NJD,380,00:26
2014020745,NJD,Tuomo,Ruutu,3,03:04,03:48,8,,,517,1,#CE1126,0,8469462,New Jersey Devils,4351841,NJD,392,00:44
2014020745,NJD,Tuomo,Ruutu,3,06:33,07:27,9,,,517,1,#CE1126,0,8469462,New Jersey Devils,4351842,NJD,399,00:54
2014020745,NJD,Tuomo,Ruutu,3,09:33,10:21,10,,,517,1,#CE1126,0,8469462,New Jersey Devils,4351843,NJD,504,00:48
2014020745,NJD,Mike,Cammalleri,1,00:00,00:42,1,,,517,1,#CE1126,0,8469500,New Jersey Devils,4351844,NJD,3,00:42
2014020745,NJD,Mike,Cammalleri,1,03:45,03:58,2,,,517,1,#CE1126,0,8469500,New Jersey Devils,4351845,NJD,161,00:13
2014020745,NJD,Mike,Cammalleri,1,04:44,05:58,3,,,517,1,#CE1126,0,8469500,New Jersey Devils,4351846,NJD,164,01:14
2014020745,NJD,Mike,Cammalleri,1,07:33,07:36,4,,,517,1,#CE1126,0,8469500,New Jersey Devils,4351847,NJD,167,00:03
2014020745,NJD,Mike,Cammalleri,1,09:47,10:21,5,,,517,1,#CE1126,0,8469500,New Jersey Devils,4351848,NJD,171,00:34
2014020745,NJD,Mike,Cammalleri,1,11:47,12:33,6,,,517,1,#CE1126,0,8469500,New Jersey Devils,4351849,NJD,177,00:46
2014020745,NJD,Mike,Cammalleri,1,16:37,16:53,7,,,517,1,#CE1126,0,8469500,New Jersey Devils,4351850,NJD,189,00:16
2014020745,NJD,Mike,Cammalleri,1,18:11,19:02,8,,,517,1,#CE1126,0,8469500,New Jersey Devils,4351851,NJD,191,00:51
2014020745,NJD,Mike,Cammalleri,2,02:11,03:14,9,,,517,1,#CE1126,0,8469500,New Jersey Devils,4351852,NJD,199,01:03
2014020745,NJD,Mike,Cammalleri,2,06:09,07:16,10,,,517,1,#CE1126,0,8469500,New Jersey Devils,4351853,NJD,356,01:07
2014020745,NJD,Mike,Cammalleri,2,10:26,10:33,11,,,517,1,#CE1126,0,8469500,New Jersey Devils,4351854,NJD,365,00:07
2014020745,NJD,Mike,Cammalleri,2,12:08,13:33,12,,,517,1,#CE1126,0,8469500,New Jersey Devils,4351855,NJD,369,01:25
2014020745,NJD,Mike,Cammalleri,2,14:07,14:38,13,,,517,1,#CE1126,0,8469500,New Jersey Devils,4351856,NJD,374,00:31
2014020745,NJD,Mike,Cammalleri,2,15:26,15:57,14,,,517,1,#CE1126,0,8469500,New Jersey Devils,4351857,NJD,377,00:31
2014020745,NJD,Mike,Cammalleri,2,18:13,18:23,15,,,517,1,#CE1126,0,8469500,New Jersey Devils,4351858,NJD,382,00:10
2014020745,NJD,Mike,Cammalleri,2,19:18,20:00,16,,,517,1,#CE1126,0,8469500,New Jersey Devils,4351859,NJD,386,00:42
2014020745,NJD,Mike,Cammalleri,3,05:02,05:02,0,EVG,Jaromir Jagr,505,1,#CE1126,802,8469500,New Jersey Devils,5272054,NJD,244,
2014020745,NJD,Mike,Cammalleri,3,00:00,01:12,17,,,517,1,#CE1126,0,8469500,New Jersey Devils,4351860,NJD,387,01:12
2014020745,NJD,Mike,Cammalleri,3,03:04,03:48,18,,,517,1,#CE1126,0,8469500,New Jersey Devils,4351861,NJD,392,00:44
2014020745,NJD,Mike,Cammalleri,3,04:30,05:02,19,,,517,1,#CE1126,0,8469500,New Jersey Devils,4351862,NJD,395,00:32
2014020745,NJD,Mike,Cammalleri,3,07:27,08:00,20,,,517,1,#CE1126,0,8469500,New Jersey Devils,4351863,NJD,400,00:33
2014020745,NJD,Mike,Cammalleri,3,10:25,10:58,21,,,517,1,#CE1126,0,8469500,New Jersey Devils,4351864,NJD,506,00:33
2014020745,NJD,Mike,Cammalleri,3,12:57,13:59,22,,,517,1,#CE1126,0,8469500,New Jersey Devils,4351865,NJD,512,01:02
2014020745,NJD,Mike,Cammalleri,3,16:15,17:02,23,,,517,1,#CE1126,0,8469500,New Jersey Devils,4351866,NJD,520,00:47
2014020745,NJD,Jordin,Tootoo,1,07:36,08:35,1,,,517,1,#CE1126,0,8469547,New Jersey Devils,4351867,NJD,168,00:59
2014020745,NJD,Jordin,Tootoo,1,10:42,11:47,2,,,517,1,#CE1126,0,8469547,New Jersey Devils,4351868,NJD,176,01:05
2014020745,NJD,Jordin,Tootoo,2,03:14,04:00,3,,,517,1,#CE1126,0,8469547,New Jersey Devils,4351869,NJD,351,00:46
2014020745,NJD,Jordin,Tootoo,2,07:16,08:18,4,,,517,1,#CE1126,0,8469547,New Jersey Devils,4351870,NJD,359,01:02
2014020745,NJD,Jordin,Tootoo,2,10:33,11:44,5,,,517,1,#CE1126,0,8469547,New Jersey Devils,4351871,NJD,366,01:11
2014020745,NJD,Jordin,Tootoo,2,13:39,14:07,6,,,517,1,#CE1126,0,8469547,New Jersey Devils,4351872,NJD,373,00:28
2014020745,NJD,Jordin,Tootoo,2,14:38,15:26,7,,,517,1,#CE1126,0,8469547,New Jersey Devils,4351873,NJD,375,00:48
2014020745,NJD,Jordin,Tootoo,2,17:34,18:00,8,,,517,1,#CE1126,0,8469547,New Jersey Devils,4351874,NJD,380,00:26
2014020745,NJD,Jordin,Tootoo,3,03:04,03:48,9,,,517,1,#CE1126,0,8469547,New Jersey Devils,4351875,NJD,392,00:44
2014020745,NJD,Jordin,Tootoo,3,06:33,07:27,10,,,517,1,#CE1126,0,8469547,New Jersey Devils,4351876,NJD,399,00:54
2014020745,NJD,Jordin,Tootoo,3,09:33,10:25,11,,,517,1,#CE1126,0,8469547,New Jersey Devils,4351877,NJD,504,00:52
2014020745,NJD,Marek,Zidlicky,1,00:00,00:42,1,,,517,1,#CE1126,0,8469623,New Jersey Devils,4351878,NJD,3,00:42
2014020745,NJD,Marek,Zidlicky,1,01:44,02:11,2,,,517,1,#CE1126,0,8469623,New Jersey Devils,4351879,NJD,154,00:27
2014020745,NJD,Marek,Zidlicky,1,04:44,05:58,3,,,517,1,#CE1126,0,8469623,New Jersey Devils,4351880,NJD,164,01:14
2014020745,NJD,Marek,Zidlicky,1,07:33,08:35,4,,,517,1,#CE1126,0,8469623,New Jersey Devils,4351881,NJD,167,01:02
2014020745,NJD,Marek,Zidlicky,1,10:21,12:07,5,,,517,1,#CE1126,0,8469623,New Jersey Devils,4351882,NJD,174,01:46
2014020745,NJD,Marek,Zidlicky,1,13:39,14:22,6,,,517,1,#CE1126,0,8469623,New Jersey Devils,4351883,NJD,182,00:43
2014020745,NJD,Marek,Zidlicky,1,15:39,16:37,7,,,517,1,#CE1126,0,8469623,New Jersey Devils,4351884,NJD,187,00:58
2014020745,NJD,Marek,Zidlicky,1,18:54,20:00,8,,,517,1,#CE1126,0,8469623,New Jersey Devils,4351885,NJD,192,01:06
2014020745,NJD,Marek,Zidlicky,2,00:00,00:41,9,,,517,1,#CE1126,0,8469623,New Jersey Devils,4351886,NJD,195,00:41
2014020745,NJD,Marek,Zidlicky,2,03:00,04:00,10,,,517,1,#CE1126,0,8469623,New Jersey Devils,4351887,NJD,200,01:00
2014020745,NJD,Marek,Zidlicky,2,05:02,06:12,11,,,517,1,#CE1126,0,8469623,New Jersey Devils,4351888,NJD,354,01:10
2014020745,NJD,Marek,Zidlicky,2,10:17,10:33,12,,,517,1,#CE1126,0,8469623,New Jersey Devils,4351889,NJD,364,00:16
2014020745,NJD,Marek,Zidlicky,2,11:53,13:02,13,,,517,1,#CE1126,0,8469623,New Jersey Devils,4351890,NJD,368,01:09
2014020745,NJD,Marek,Zidlicky,2,13:39,14:07,14,,,517,1,#CE1126,0,8469623,New Jersey Devils,4351891,NJD,373,00:28
2014020745,NJD,Marek,Zidlicky,2,15:57,16:40,15,,,517,1,#CE1126,0,8469623,New Jersey Devils,4351892,NJD,378,00:43
2014020745,NJD,Marek,Zidlicky,2,18:48,19:18,16,,,517,1,#CE1126,0,8469623,New Jersey Devils,4351893,NJD,384,00:30
2014020745,NJD,Marek,Zidlicky,3,02:43,03:04,17,,,517,1,#CE1126,0,8469623,New Jersey Devils,4351894,NJD,391,00:21
2014020745,NJD,Marek,Zidlicky,3,04:30,05:02,18,,,517,1,#CE1126,0,8469623,New Jersey Devils,4351895,NJD,395,00:32
2014020745,NJD,Marek,Zidlicky,3,06:33,07:27,19,,,517,1,#CE1126,0,8469623,New Jersey Devils,4351896,NJD,399,00:54
2014020745,NJD,Marek,Zidlicky,3,09:33,10:45,20,,,517,1,#CE1126,0,8469623,New Jersey Devils,4351897,NJD,504,01:12
2014020745,NJD,Marek,Zidlicky,3,12:09,13:05,21,,,517,1,#CE1126,0,8469623,New Jersey Devils,4351898,NJD,511,00:56
2014020745,NJD,Marek,Zidlicky,3,16:15,17:02,22,,,517,1,#CE1126,0,8469623,New Jersey Devils,4351899,NJD,520,00:47
2014020745,NJD,Marek,Zidlicky,3,17:49,18:49,23,,,517,1,#CE1126,0,8469623,New Jersey Devils,4351900,NJD,523,01:00
2014020745,NJD,Marek,Zidlicky,3,19:02,19:35,24,,,517,1,#CE1126,0,8469623,New Jersey Devils,4351901,NJD,526,00:33
2014020745,OTT,Milan,Michalek,1,00:00,00:37,1,,,517,9,#BF910C,0,8470599,Ottawa Senators,4351902,OTT,4,00:37
2014020745,OTT,Milan,Michalek,1,03:26,04:40,2,,,517,9,#BF910C,0,8470599,Ottawa Senators,4351903,OTT,110,01:14
2014020745,OTT,Milan,Michalek,1,06:17,07:13,3,,,517,9,#BF910C,0,8470599,Ottawa Senators,4351904,OTT,116,00:56
2014020745,OTT,Milan,Michalek,1,09:35,10:26,4,,,517,9,#BF910C,0,8470599,Ottawa Senators,4351905,OTT,121,00:51
2014020745,OTT,Milan,Michalek,1,11:43,12:23,5,,,517,9,#BF910C,0,8470599,Ottawa Senators,4351906,OTT,127,00:40
2014020745,OTT,Milan,Michalek,1,15:39,16:38,6,,,517,9,#BF910C,0,8470599,Ottawa Senators,4351907,OTT,135,00:59
2014020745,OTT,Milan,Michalek,1,18:40,19:32,7,,,517,9,#BF910C,0,8470599,Ottawa Senators,4351908,OTT,144,00:52
2014020745,OTT,Milan,Michalek,2,00:00,00:49,8,,,517,9,#BF910C,0,8470599,Ottawa Senators,4351909,OTT,146,00:49
2014020745,OTT,Milan,Michalek,2,04:22,05:12,9,,,517,9,#BF910C,0,8470599,Ottawa Senators,4351910,OTT,308,00:50
2014020745,OTT,Milan,Michalek,2,08:18,09:04,10,,,517,9,#BF910C,0,8470599,Ottawa Senators,4351911,OTT,317,00:46
2014020745,OTT,Milan,Michalek,2,12:08,12:46,11,,,517,9,#BF910C,0,8470599,Ottawa Senators,4351912,OTT,325,00:38
2014020745,OTT,Milan,Michalek,2,14:02,14:34,12,,,517,9,#BF910C,0,8470599,Ottawa Senators,4351913,OTT,329,00:32
2014020745,OTT,Milan,Michalek,2,17:06,17:52,13,,,517,9,#BF910C,0,8470599,Ottawa Senators,4351914,OTT,339,00:46
2014020745,OTT,Milan,Michalek,3,00:35,01:12,14,,,517,9,#BF910C,0,8470599,Ottawa Senators,4351915,OTT,347,00:37
2014020745,OTT,Milan,Michalek,3,03:51,04:30,15,,,517,9,#BF910C,0,8470599,Ottawa Senators,4351916,OTT,411,00:39
2014020745,OTT,Milan,Michalek,3,05:37,06:24,16,,,517,9,#BF910C,0,8470599,Ottawa Senators,4351917,OTT,415,00:47
2014020745,OTT,Milan,Michalek,3,09:46,10:44,17,,,517,9,#BF910C,0,8470599,Ottawa Senators,4351918,OTT,427,00:58
2014020745,OTT,Milan,Michalek,3,12:58,14:02,18,,,517,9,#BF910C,0,8470599,Ottawa Senators,4351919,OTT,434,01:04
2014020745,OTT,Milan,Michalek,3,16:15,17:02,19,,,517,9,#BF910C,0,8470599,Ottawa Senators,4351920,OTT,440,00:47
2014020745,NJD,Steve,Bernier,1,01:44,02:11,1,,,517,1,#CE1126,0,8470609,New Jersey Devils,4351921,NJD,154,00:27
2014020745,NJD,Steve,Bernier,1,06:17,07:33,2,,,517,1,#CE1126,0,8470609,New Jersey Devils,4351922,NJD,166,01:16
2014020745,NJD,Steve,Bernier,1,10:10,10:42,3,,,517,1,#CE1126,0,8470609,New Jersey Devils,4351923,NJD,172,00:32
2014020745,NJD,Steve,Bernier,1,11:47,13:26,4,,,517,1,#CE1126,0,8470609,New Jersey Devils,4351924,NJD,177,01:39
2014020745,NJD,Steve,Bernier,1,15:15,16:12,5,,,517,1,#CE1126,0,8470609,New Jersey Devils,4351925,NJD,186,00:57
2014020745,NJD,Steve,Bernier,1,19:02,19:38,6,,,517,1,#CE1126,0,8470609,New Jersey Devils,4351926,NJD,193,00:36
2014020745,NJD,Steve,Bernier,2,00:00,01:06,7,,,517,1,#CE1126,0,8470609,New Jersey Devils,4351927,NJD,195,01:06
2014020745,NJD,Steve,Bernier,2,04:00,04:54,8,,,517,1,#CE1126,0,8470609,New Jersey Devils,4351928,NJD,352,00:54
2014020745,NJD,Steve,Bernier,2,08:18,09:18,9,,,517,1,#CE1126,0,8470609,New Jersey Devils,4351929,NJD,360,01:00
2014020745,NJD,Steve,Bernier,2,11:44,12:08,10,,,517,1,#CE1126,0,8470609,New Jersey Devils,4351930,NJD,367,00:24
2014020745,NJD,Steve,Bernier,2,14:07,14:38,11,,,517,1,#CE1126,0,8470609,New Jersey Devils,4351931,NJD,374,00:31
2014020745,NJD,Steve,Bernier,2,19:18,20:00,12,,,517,1,#CE1126,0,8470609,New Jersey Devils,4351932,NJD,386,00:42
2014020745,NJD,Steve,Bernier,3,00:00,01:12,13,,,517,1,#CE1126,0,8470609,New Jersey Devils,4351933,NJD,387,01:12
2014020745,NJD,Steve,Bernier,3,03:48,04:30,14,,,517,1,#CE1126,0,8470609,New Jersey Devils,4351934,NJD,393,00:42
2014020745,NJD,Steve,Bernier,3,05:37,06:33,15,,,517,1,#CE1126,0,8470609,New Jersey Devils,4351935,NJD,398,00:56
2014020745,NJD,Steve,Bernier,3,11:55,12:57,16,,,517,1,#CE1126,0,8470609,New Jersey Devils,4351936,NJD,510,01:02
2014020745,NJD,Steve,Bernier,3,15:19,16:15,17,,,517,1,#CE1126,0,8470609,New Jersey Devils,4351937,NJD,518,00:56
2014020745,NJD,Steve,Bernier,3,17:39,18:24,18,,,517,1,#CE1126,0,8470609,New Jersey Devils,4351938,NJD,522,00:45
2014020745,OTT,Clarke,MacArthur,1,00:37,01:28,1,,,517,9,#BF910C,0,8470667,Ottawa Senators,4351939,OTT,101,00:51
2014020745,OTT,Clarke,MacArthur,1,02:35,03:26,2,,,517,9,#BF910C,0,8470667,Ottawa Senators,4351940,OTT,109,00:51
2014020745,OTT,Clarke,MacArthur,1,05:47,06:17,3,,,517,9,#BF910C,0,8470667,Ottawa Senators,4351941,OTT,115,00:30
2014020745,OTT,Clarke,MacArthur,1,08:31,09:35,4,,,517,9,#BF910C,0,8470667,Ottawa Senators,4351942,OTT,119,01:04
2014020745,OTT,Clarke,MacArthur,1,13:26,14:21,5,,,517,9,#BF910C,0,8470667,Ottawa Senators,4351943,OTT,131,00:55
2014020745,OTT,Clarke,MacArthur,1,16:38,17:44,6,,,517,9,#BF910C,0,8470667,Ottawa Senators,4351944,OTT,137,01:06
2014020745,OTT,Clarke,MacArthur,1,19:32,20:00,7,,,517,9,#BF910C,0,8470667,Ottawa Senators,4351945,OTT,145,00:28
2014020745,OTT,Clarke,MacArthur,2,00:49,01:51,8,,,517,9,#BF910C,0,8470667,Ottawa Senators,4351946,OTT,148,01:02
2014020745,OTT,Clarke,MacArthur,2,05:12,06:05,9,,,517,9,#BF910C,0,8470667,Ottawa Senators,4351947,OTT,311,00:53
2014020745,OTT,Clarke,MacArthur,2,09:04,10:09,10,,,517,9,#BF910C,0,8470667,Ottawa Senators,4351948,OTT,318,01:05
2014020745,OTT,Clarke,MacArthur,2,12:46,13:39,11,,,517,9,#BF910C,0,8470667,Ottawa Senators,4351949,OTT,326,00:53
2014020745,OTT,Clarke,MacArthur,2,16:11,17:06,12,,,517,9,#BF910C,0,8470667,Ottawa Senators,4351950,OTT,337,00:55
2014020745,OTT,Clarke,MacArthur,2,18:23,19:12,13,,,517,9,#BF910C,0,8470667,Ottawa Senators,4351951,OTT,343,00:49
2014020745,OTT,Clarke,MacArthur,3,01:26,02:23,14,,,517,9,#BF910C,0,8470667,Ottawa Senators,4351952,OTT,402,00:57
2014020745,OTT,Clarke,MacArthur,3,05:02,05:37,15,,,517,9,#BF910C,0,8470667,Ottawa Senators,4351953,OTT,414,00:35
2014020745,OTT,Clarke,MacArthur,3,07:21,08:25,16,,,517,9,#BF910C,0,8470667,Ottawa Senators,4351954,OTT,419,01:04
2014020745,OTT,Clarke,MacArthur,3,10:44,11:51,17,,,517,9,#BF910C,0,8470667,Ottawa Senators,4351955,OTT,430,01:07
2014020745,OTT,Clarke,MacArthur,3,14:02,15:29,18,,,517,9,#BF910C,0,8470667,Ottawa Senators,4351956,OTT,436,01:27
2014020745,OTT,Clarke,MacArthur,3,17:02,17:36,19,,,517,9,#BF910C,0,8470667,Ottawa Senators,4351957,OTT,441,00:34
2014020745,OTT,Clarke,MacArthur,3,18:56,20:00,20,,,517,9,#BF910C,0,8470667,Ottawa Senators,4351958,OTT,447,01:04
2014020745,OTT,Marc,Methot,1,00:00,00:46,1,,,517,9,#BF910C,0,8470760,Ottawa Senators,4351959,OTT,4,00:46
2014020745,OTT,Marc,Methot,1,01:44,02:35,2,,,517,9,#BF910C,0,8470760,Ottawa Senators,4351960,OTT,106,00:51
2014020745,OTT,Marc,Methot,1,05:47,07:13,3,,,517,9,#BF910C,0,8470760,Ottawa Senators,4351961,OTT,115,01:26
2014020745,OTT,Marc,Methot,1,10:15,11:43,4,,,517,9,#BF910C,0,8470760,Ottawa Senators,4351962,OTT,122,01:28
2014020745,OTT,Marc,Methot,1,12:23,13:00,5,,,517,9,#BF910C,0,8470760,Ottawa Senators,4351963,OTT,128,00:37
2014020745,OTT,Marc,Methot,1,15:03,15:39,6,,,517,9,#BF910C,0,8470760,Ottawa Senators,4351964,OTT,133,00:36
2014020745,OTT,Marc,Methot,1,16:53,17:44,7,,,517,9,#BF910C,0,8470760,Ottawa Senators,4351965,OTT,138,00:51
2014020745,OTT,Marc,Methot,1,19:32,20:00,8,,,517,9,#BF910C,0,8470760,Ottawa Senators,4351966,OTT,145,00:28
2014020745,OTT,Marc,Methot,2,00:00,00:41,9,,,517,9,#BF910C,0,8470760,Ottawa Senators,4351967,OTT,146,00:41
2014020745,OTT,Marc,Methot,2,02:33,03:14,10,,,517,9,#BF910C,0,8470760,Ottawa Senators,4351968,OTT,303,00:41
2014020745,OTT,Marc,Methot,2,06:05,07:13,11,,,517,9,#BF910C,0,8470760,Ottawa Senators,4351969,OTT,312,01:08
2014020745,OTT,Marc,Methot,2,09:10,10:09,12,,,517,9,#BF910C,0,8470760,Ottawa Senators,4351970,OTT,319,00:59
2014020745,OTT,Marc,Methot,2,12:08,12:46,13,,,517,9,#BF910C,0,8470760,Ottawa Senators,4351971,OTT,325,00:38
2014020745,OTT,Marc,Methot,2,13:33,13:39,14,,,517,9,#BF910C,0,8470760,Ottawa Senators,4351972,OTT,327,00:06
2014020745,OTT,Marc,Methot,2,14:07,14:38,15,,,517,9,#BF910C,0,8470760,Ottawa Senators,4351973,OTT,330,00:31
2014020745,OTT,Marc,Methot,2,15:24,15:44,16,,,517,9,#BF910C,0,8470760,Ottawa Senators,4351974,OTT,334,00:20
2014020745,OTT,Marc,Methot,2,16:56,18:08,17,,,517,9,#BF910C,0,8470760,Ottawa Senators,4351975,OTT,338,01:12
2014020745,OTT,Marc,Methot,3,01:02,02:28,18,,,517,9,#BF910C,0,8470760,Ottawa Senators,4351976,OTT,348,01:26
2014020745,OTT,Marc,Methot,3,03:52,04:30,19,,,517,9,#BF910C,0,8470760,Ottawa Senators,4351977,OTT,412,00:38
2014020745,OTT,Marc,Methot,3,05:02,06:47,20,,,517,9,#BF910C,0,8470760,Ottawa Senators,4351978,OTT,414,01:45
2014020745,OTT,Marc,Methot,3,07:35,08:31,21,,,517,9,#BF910C,0,8470760,Ottawa Senators,4351979,OTT,420,00:56
2014020745,OTT,Marc,Methot,3,10:24,11:56,22,,,517,9,#BF910C,0,8470760,Ottawa Senators,4351980,OTT,428,01:32
2014020745,OTT,Marc,Methot,3,14:17,15:22,23,,,517,9,#BF910C,0,8470760,Ottawa Senators,4351981,OTT,437,01:05
2014020745,OTT,Marc,Methot,3,16:15,17:02,24,,,517,9,#BF910C,0,8470760,Ottawa Senators,4351982,OTT,440,00:47
2014020745,OTT,Marc,Methot,3,17:56,18:35,25,,,517,9,#BF910C,0,8470760,Ottawa Senators,4351983,OTT,444,00:39
2014020745,NJD,Travis,Zajac,1,00:42,01:44,1,,,517,1,#CE1126,0,8471233,New Jersey Devils,4351984,NJD,151,01:02
2014020745,NJD,Travis,Zajac,1,03:22,03:45,2,,,517,1,#CE1126,0,8471233,New Jersey Devils,4351985,NJD,159,00:23
2014020745,NJD,Travis,Zajac,1,05:58,06:17,3,,,517,1,#CE1126,0,8471233,New Jersey Devils,4351986,NJD,165,00:19
2014020745,NJD,Travis,Zajac,1,08:35,09:47,4,,,517,1,#CE1126,0,8471233,New Jersey Devils,4351987,NJD,169,01:12
2014020745,NJD,Travis,Zajac,1,10:42,11:47,5,,,517,1,#CE1126,0,8471233,New Jersey Devils,4351988,NJD,176,01:05
2014020745,NJD,Travis,Zajac,1,14:08,15:15,6,,,517,1,#CE1126,0,8471233,New Jersey Devils,4351989,NJD,183,01:07
2014020745,NJD,Travis,Zajac,1,16:53,18:11,7,,,517,1,#CE1126,0,8471233,New Jersey Devils,4351990,NJD,190,01:18
2014020745,NJD,Travis,Zajac,1,19:38,20:00,8,,,517,1,#CE1126,0,8471233,New Jersey Devils,4351991,NJD,194,00:22
2014020745,NJD,Travis,Zajac,2,01:06,02:11,9,,,517,1,#CE1126,0,8471233,New Jersey Devils,4351992,NJD,197,01:05
2014020745,NJD,Travis,Zajac,2,04:54,06:09,10,,,517,1,#CE1126,0,8471233,New Jersey Devils,4351993,NJD,353,01:15
2014020745,NJD,Travis,Zajac,2,09:18,10:26,11,,,517,1,#CE1126,0,8471233,New Jersey Devils,4351994,NJD,361,01:08
2014020745,NJD,Travis,Zajac,2,13:33,14:07,12,,,517,1,#CE1126,0,8471233,New Jersey Devils,4351995,NJD,372,00:34
2014020745,NJD,Travis,Zajac,2,14:38,15:26,13,,,517,1,#CE1126,0,8471233,New Jersey Devils,4351996,NJD,375,00:48
2014020745,NJD,Travis,Zajac,2,16:40,17:34,14,,,517,1,#CE1126,0,8471233,New Jersey Devils,4351997,NJD,379,00:54
2014020745,NJD,Travis,Zajac,2,18:23,19:18,15,,,517,1,#CE1126,0,8471233,New Jersey Devils,4351998,NJD,383,00:55
2014020745,NJD,Travis,Zajac,3,01:12,02:26,16,,,517,1,#CE1126,0,8471233,New Jersey Devils,4351999,NJD,388,01:14
2014020745,NJD,Travis,Zajac,3,05:02,05:37,17,,,517,1,#CE1126,0,8471233,New Jersey Devils,4352000,NJD,397,00:35
2014020745,NJD,Travis,Zajac,3,08:00,09:33,18,,,517,1,#CE1126,0,8471233,New Jersey Devils,4352001,NJD,501,01:33
2014020745,NJD,Travis,Zajac,3,10:58,11:55,19,,,517,1,#CE1126,0,8471233,New Jersey Devils,4352002,NJD,508,00:57
2014020745,NJD,Travis,Zajac,3,14:16,15:19,20,,,517,1,#CE1126,0,8471233,New Jersey Devils,4352003,NJD,515,01:03
2014020745,NJD,Travis,Zajac,3,17:02,17:39,21,,,517,1,#CE1126,0,8471233,New Jersey Devils,4352004,NJD,521,00:37
2014020745,NJD,Travis,Zajac,3,18:24,19:28,22,,,517,1,#CE1126,0,8471233,New Jersey Devils,4352005,NJD,524,01:04
2014020745,NJD,Cory,Schneider,1,00:00,20:00,1,,,517,1,#CE1126,0,8471239,New Jersey Devils,4352006,NJD,3,20:00
2014020745,NJD,Cory,Schneider,2,00:00,20:00,2,,,517,1,#CE1126,0,8471239,New Jersey Devils,4352007,NJD,195,20:00
2014020745,NJD,Cory,Schneider,3,00:00,20:00,3,,,517,1,#CE1126,0,8471239,New Jersey Devils,4352008,NJD,387,20:00
2014020745,OTT,Bobby,Ryan,1,00:46,01:28,1,,,517,9,#BF910C,0,8471676,Ottawa Senators,4352009,OTT,102,00:42
2014020745,OTT,Bobby,Ryan,1,02:18,03:26,2,,,517,9,#BF910C,0,8471676,Ottawa Senators,4352010,OTT,108,01:08
2014020745,OTT,Bobby,Ryan,1,05:47,06:17,3,,,517,9,#BF910C,0,8471676,Ottawa Senators,4352011,OTT,115,00:30
2014020745,OTT,Bobby,Ryan,1,08:31,09:35,4,,,517,9,#BF910C,0,8471676,Ottawa Senators,4352012,OTT,119,01:04
2014020745,OTT,Bobby,Ryan,1,13:26,14:21,5,,,517,9,#BF910C,0,8471676,Ottawa Senators,4352013,OTT,131,00:55
2014020745,OTT,Bobby,Ryan,1,16:38,17:27,6,,,517,9,#BF910C,0,8471676,Ottawa Senators,4352014,OTT,137,00:49
2014020745,OTT,Bobby,Ryan,1,19:32,20:00,7,,,517,9,#BF910C,0,8471676,Ottawa Senators,4352015,OTT,145,00:28
2014020745,OTT,Bobby,Ryan,2,00:49,01:44,8,,,517,9,#BF910C,0,8471676,Ottawa Senators,4352016,OTT,148,00:55
2014020745,OTT,Bobby,Ryan,2,04:55,06:17,9,,,517,9,#BF910C,0,8471676,Ottawa Senators,4352017,OTT,310,01:22
2014020745,OTT,Bobby,Ryan,2,09:10,10:09,10,,,517,9,#BF910C,0,8471676,Ottawa Senators,4352018,OTT,319,00:59
2014020745,OTT,Bobby,Ryan,2,12:46,13:39,11,,,517,9,#BF910C,0,8471676,Ottawa Senators,4352019,OTT,326,00:53
2014020745,OTT,Bobby,Ryan,2,16:11,17:06,12,,,517,9,#BF910C,0,8471676,Ottawa Senators,4352020,OTT,337,00:55
2014020745,OTT,Bobby,Ryan,2,18:23,19:18,13,,,517,9,#BF910C,0,8471676,Ottawa Senators,4352021,OTT,343,00:55
2014020745,OTT,Bobby,Ryan,3,01:12,02:18,14,,,517,9,#BF910C,0,8471676,Ottawa Senators,4352022,OTT,350,01:06
2014020745,OTT,Bobby,Ryan,3,05:02,05:37,15,,,517,9,#BF910C,0,8471676,Ottawa Senators,4352023,OTT,414,00:35
2014020745,OTT,Bobby,Ryan,3,07:21,08:25,16,,,517,9,#BF910C,0,8471676,Ottawa Senators,4352024,OTT,419,01:04
2014020745,OTT,Bobby,Ryan,3,10:32,11:56,17,,,517,9,#BF910C,0,8471676,Ottawa Senators,4352025,OTT,429,01:24
2014020745,OTT,Bobby,Ryan,3,14:02,15:29,18,,,517,9,#BF910C,0,8471676,Ottawa Senators,4352026,OTT,436,01:27
2014020745,OTT,Bobby,Ryan,3,17:02,17:36,19,,,517,9,#BF910C,0,8471676,Ottawa Senators,4352027,OTT,441,00:34
2014020745,OTT,Bobby,Ryan,3,18:35,20:00,20,,,517,9,#BF910C,0,8471676,Ottawa Senators,4352028,OTT,445,01:25
2014020745,NJD,Mark,Fraser,1,01:28,01:44,1,,,517,1,#CE1126,0,8471748,New Jersey Devils,4352029,NJD,152,00:16
2014020745,NJD,Mark,Fraser,1,02:11,02:35,2,,,517,1,#CE1126,0,8471748,New Jersey Devils,4352030,NJD,155,00:24
2014020745,NJD,Mark,Fraser,1,04:35,04:44,3,,,517,1,#CE1126,0,8471748,New Jersey Devils,4352031,NJD,163,00:09
2014020745,NJD,Mark,Fraser,1,08:35,09:32,4,,,517,1,#CE1126,0,8471748,New Jersey Devils,4352032,NJD,169,00:57
2014020745,NJD,Mark,Fraser,1,14:22,15:15,5,,,517,1,#CE1126,0,8471748,New Jersey Devils,4352033,NJD,185,00:53
2014020745,NJD,Mark,Fraser,1,18:11,18:54,6,,,517,1,#CE1126,0,8471748,New Jersey Devils,4352034,NJD,191,00:43
2014020745,NJD,Mark,Fraser,2,01:44,03:00,7,,,517,1,#CE1126,0,8471748,New Jersey Devils,4352035,NJD,198,01:16
2014020745,NJD,Mark,Fraser,2,05:49,07:06,8,,,517,1,#CE1126,0,8471748,New Jersey Devils,4352036,NJD,355,01:17
2014020745,NJD,Mark,Fraser,2,10:33,11:53,9,,,517,1,#CE1126,0,8471748,New Jersey Devils,4352037,NJD,366,01:20
2014020745,NJD,Mark,Fraser,2,16:40,18:00,10,,,517,1,#CE1126,0,8471748,New Jersey Devils,4352038,NJD,379,01:20
2014020745,NJD,Mark,Fraser,3,03:04,04:02,11,,,517,1,#CE1126,0,8471748,New Jersey Devils,4352039,NJD,392,00:58
2014020745,NJD,Mark,Fraser,3,05:37,06:33,12,,,517,1,#CE1126,0,8471748,New Jersey Devils,4352040,NJD,398,00:56
2014020745,NJD,Mark,Fraser,3,08:26,09:33,13,,,517,1,#CE1126,0,8471748,New Jersey Devils,4352041,NJD,503,01:07
2014020745,NJD,Mark,Fraser,3,13:05,14:33,14,,,517,1,#CE1126,0,8471748,New Jersey Devils,4352042,NJD,513,01:28
2014020745,NJD,Andy,Greene,1,00:42,01:28,1,,,517,1,#CE1126,0,8472382,New Jersey Devils,4352043,NJD,151,00:46
2014020745,NJD,Andy,Greene,1,02:35,04:44,2,,,517,1,#CE1126,0,8472382,New Jersey Devils,4352044,NJD,156,02:09
2014020745,NJD,Andy,Greene,1,05:58,07:33,3,,,517,1,#CE1126,0,8472382,New Jersey Devils,4352045,NJD,165,01:35
2014020745,NJD,Andy,Greene,1,09:32,10:21,4,,,517,1,#CE1126,0,8472382,New Jersey Devils,4352046,NJD,170,00:49
2014020745,NJD,Andy,Greene,1,12:42,13:39,5,,,517,1,#CE1126,0,8472382,New Jersey Devils,4352047,NJD,180,00:57
2014020745,NJD,Andy,Greene,1,15:15,15:39,6,,,517,1,#CE1126,0,8472382,New Jersey Devils,4352048,NJD,186,00:24
2014020745,NJD,Andy,Greene,1,16:37,18:11,7,,,517,1,#CE1126,0,8472382,New Jersey Devils,4352049,NJD,189,01:34
2014020745,NJD,Andy,Greene,2,01:06,01:44,8,,,517,1,#CE1126,0,8472382,New Jersey Devils,4352050,NJD,197,00:38
2014020745,NJD,Andy,Greene,2,04:00,05:02,9,,,517,1,#CE1126,0,8472382,New Jersey Devils,4352051,NJD,352,01:02
2014020745,NJD,Andy,Greene,2,07:06,09:18,10,,,517,1,#CE1126,0,8472382,New Jersey Devils,4352052,NJD,358,02:12
2014020745,NJD,Andy,Greene,2,10:17,10:33,11,,,517,1,#CE1126,0,8472382,New Jersey Devils,4352053,NJD,364,00:16
2014020745,NJD,Andy,Greene,2,11:53,13:02,12,,,517,1,#CE1126,0,8472382,New Jersey Devils,4352054,NJD,368,01:09
2014020745,NJD,Andy,Greene,2,13:33,13:39,13,,,517,1,#CE1126,0,8472382,New Jersey Devils,4352055,NJD,372,00:06
2014020745,NJD,Andy,Greene,2,18:00,19:18,14,,,517,1,#CE1126,0,8472382,New Jersey Devils,4352056,NJD,381,01:18
2014020745,NJD,Andy,Greene,3,01:12,02:34,15,,,517,1,#CE1126,0,8472382,New Jersey Devils,4352057,NJD,388,01:22
2014020745,NJD,Andy,Greene,3,04:02,04:30,16,,,517,1,#CE1126,0,8472382,New Jersey Devils,4352058,NJD,394,00:28
2014020745,NJD,Andy,Greene,3,05:02,05:37,17,,,517,1,#CE1126,0,8472382,New Jersey Devils,4352059,NJD,397,00:35
2014020745,NJD,Andy,Greene,3,07:27,08:26,18,,,517,1,#CE1126,0,8472382,New Jersey Devils,4352060,NJD,400,00:59
2014020745,NJD,Andy,Greene,3,10:45,12:09,19,,,517,1,#CE1126,0,8472382,New Jersey Devils,4352061,NJD,507,01:24
2014020745,NJD,Andy,Greene,3,14:33,15:29,20,,,517,1,#CE1126,0,8472382,New Jersey Devils,4352062,NJD,516,00:56
2014020745,NJD,Andy,Greene,3,17:02,17:49,21,,,517,1,#CE1126,0,8472382,New Jersey Devils,4352063,NJD,521,00:47
2014020745,NJD,Andy,Greene,3,18:49,20:00,22,,,517,1,#CE1126,0,8472382,New Jersey Devils,4352064,NJD,525,01:11
2014020745,NJD,Peter,Harrold,1,01:28,01:44,1,,,517,1,#CE1126,0,8472394,New Jersey Devils,4352065,NJD,152,00:16
2014020745,NJD,Peter,Harrold,1,02:11,02:35,2,,,517,1,#CE1126,0,8472394,New Jersey Devils,4352066,NJD,155,00:24
2014020745,NJD,Peter,Harrold,1,08:35,09:32,3,,,517,1,#CE1126,0,8472394,New Jersey Devils,4352067,NJD,169,00:57
2014020745,NJD,Peter,Harrold,1,14:22,15:15,4,,,517,1,#CE1126,0,8472394,New Jersey Devils,4352068,NJD,185,00:53
2014020745,NJD,Peter,Harrold,1,18:11,18:54,5,,,517,1,#CE1126,0,8472394,New Jersey Devils,4352069,NJD,191,00:43
2014020745,NJD,Peter,Harrold,2,01:44,03:00,6,,,517,1,#CE1126,0,8472394,New Jersey Devils,4352070,NJD,198,01:16
2014020745,NJD,Peter,Harrold,2,06:12,07:16,7,,,517,1,#CE1126,0,8472394,New Jersey Devils,4352071,NJD,357,01:04
2014020745,NJD,Peter,Harrold,2,10:33,11:53,8,,,517,1,#CE1126,0,8472394,New Jersey Devils,4352072,NJD,366,01:20
2014020745,NJD,Peter,Harrold,2,16:40,18:00,9,,,517,1,#CE1126,0,8472394,New Jersey Devils,4352073,NJD,379,01:20
2014020745,NJD,Peter,Harrold,3,03:04,04:02,10,,,517,1,#CE1126,0,8472394,New Jersey Devils,4352074,NJD,392,00:58
2014020745,NJD,Peter,Harrold,3,05:37,06:33,11,,,517,1,#CE1126,0,8472394,New Jersey Devils,4352075,NJD,398,00:56
2014020745,NJD,Peter,Harrold,3,08:26,09:33,12,,,517,1,#CE1126,0,8472394,New Jersey Devils,4352076,NJD,503,01:07
2014020745,NJD,Peter,Harrold,3,13:05,14:33,13,,,517,1,#CE1126,0,8472394,New Jersey Devils,4352077,NJD,513,01:28
2014020745,NJD,Peter,Harrold,3,15:29,16:15,14,,,517,1,#CE1126,0,8472394,New Jersey Devils,4352078,NJD,519,00:46
2014020745,OTT,Erik,Condra,1,02:11,02:35,1,,,517,9,#BF910C,0,8473588,Ottawa Senators,4352079,OTT,107,00:24
2014020745,OTT,Erik,Condra,1,04:40,05:47,2,,,517,9,#BF910C,0,8473588,Ottawa Senators,4352080,OTT,113,01:07
2014020745,OTT,Erik,Condra,1,07:36,08:31,3,,,517,9,#BF910C,0,8473588,Ottawa Senators,4352081,OTT,118,00:55
2014020745,OTT,Erik,Condra,1,10:42,11:43,4,,,517,9,#BF910C,0,8473588,Ottawa Senators,4352082,OTT,126,01:01
2014020745,OTT,Erik,Condra,1,12:23,13:26,5,,,517,9,#BF910C,0,8473588,Ottawa Senators,4352083,OTT,128,01:03
2014020745,OTT,Erik,Condra,1,15:13,15:39,6,,,517,9,#BF910C,0,8473588,Ottawa Senators,4352084,OTT,134,00:26
2014020745,OTT,Erik,Condra,2,03:14,04:22,7,,,517,9,#BF910C,0,8473588,Ottawa Senators,4352085,OTT,305,01:08
2014020745,OTT,Erik,Condra,2,07:13,08:18,8,,,517,9,#BF910C,0,8473588,Ottawa Senators,4352086,OTT,314,01:05
2014020745,OTT,Erik,Condra,2,10:33,12:08,9,,,517,9,#BF910C,0,8473588,Ottawa Senators,4352087,OTT,322,01:35
2014020745,OTT,Erik,Condra,2,13:39,14:02,10,,,517,9,#BF910C,0,8473588,Ottawa Senators,4352088,OTT,328,00:23
2014020745,OTT,Erik,Condra,2,14:38,15:24,11,,,517,9,#BF910C,0,8473588,Ottawa Senators,4352089,OTT,332,00:46
2014020745,OTT,Erik,Condra,2,19:18,20:00,12,,,517,9,#BF910C,0,8473588,Ottawa Senators,4352090,OTT,345,00:42
2014020745,OTT,Erik,Condra,3,00:00,01:12,13,,,517,9,#BF910C,0,8473588,Ottawa Senators,4352091,OTT,346,01:12
2014020745,OTT,Erik,Condra,3,03:04,03:51,14,,,517,9,#BF910C,0,8473588,Ottawa Senators,4352092,OTT,409,00:47
2014020745,OTT,Erik,Condra,3,06:24,07:21,15,,,517,9,#BF910C,0,8473588,Ottawa Senators,4352093,OTT,416,00:57
2014020745,OTT,Kyle,Turris,1,01:28,02:11,1,,,517,9,#BF910C,0,8474068,Ottawa Senators,4352094,OTT,105,00:43
2014020745,OTT,Kyle,Turris,1,03:26,04:40,2,,,517,9,#BF910C,0,8474068,Ottawa Senators,4352095,OTT,110,01:14
2014020745,OTT,Kyle,Turris,1,07:13,07:36,3,,,517,9,#BF910C,0,8474068,Ottawa Senators,4352096,OTT,117,00:23
2014020745,OTT,Kyle,Turris,1,10:20,10:42,4,,,517,9,#BF910C,0,8474068,Ottawa Senators,4352097,OTT,123,00:22
2014020745,OTT,Kyle,Turris,1,14:21,15:03,5,,,517,9,#BF910C,0,8474068,Ottawa Senators,4352098,OTT,132,00:42
2014020745,OTT,Kyle,Turris,1,17:40,18:40,6,,,517,9,#BF910C,0,8474068,Ottawa Senators,4352099,OTT,140,01:00
2014020745,OTT,Kyle,Turris,2,01:39,03:14,7,,,517,9,#BF910C,0,8474068,Ottawa Senators,4352100,OTT,150,01:35
2014020745,OTT,Kyle,Turris,2,06:05,07:13,8,,,517,9,#BF910C,0,8474068,Ottawa Senators,4352101,OTT,312,01:08
2014020745,OTT,Kyle,Turris,2,10:02,10:33,9,,,517,9,#BF910C,0,8474068,Ottawa Senators,4352102,OTT,320,00:31
2014020745,OTT,Kyle,Turris,2,15:24,16:11,10,,,517,9,#BF910C,0,8474068,Ottawa Senators,4352103,OTT,334,00:47
2014020745,OTT,Kyle,Turris,2,17:52,18:23,11,,,517,9,#BF910C,0,8474068,Ottawa Senators,4352104,OTT,341,00:31
2014020745,OTT,Kyle,Turris,2,19:12,19:18,12,,,517,9,#BF910C,0,8474068,Ottawa Senators,4352105,OTT,344,00:06
2014020745,OTT,Kyle,Turris,3,01:18,01:26,13,,,517,9,#BF910C,0,8474068,Ottawa Senators,4352106,OTT,401,00:08
2014020745,OTT,Kyle,Turris,3,01:52,02:50,14,,,517,9,#BF910C,0,8474068,Ottawa Senators,4352107,OTT,403,00:58
2014020745,OTT,Kyle,Turris,3,04:30,05:02,15,,,517,9,#BF910C,0,8474068,Ottawa Senators,4352108,OTT,413,00:32
2014020745,OTT,Kyle,Turris,3,08:07,09:28,16,,,517,9,#BF910C,0,8474068,Ottawa Senators,4352109,OTT,421,01:21
2014020745,OTT,Kyle,Turris,3,11:33,12:58,17,,,517,9,#BF910C,0,8474068,Ottawa Senators,4352110,OTT,431,01:25
2014020745,OTT,Kyle,Turris,3,15:22,16:15,18,,,517,9,#BF910C,0,8474068,Ottawa Senators,4352111,OTT,438,00:53
2014020745,OTT,Kyle,Turris,3,17:36,20:00,19,,,517,9,#BF910C,0,8474068,Ottawa Senators,4352112,OTT,442,02:24
2014020745,OTT,Erik,Karlsson,1,00:00,00:46,1,,,517,9,#BF910C,0,8474578,Ottawa Senators,4352113,OTT,4,00:46
2014020745,OTT,Erik,Karlsson,1,01:44,03:45,2,,,517,9,#BF910C,0,8474578,Ottawa Senators,4352114,OTT,106,02:01
2014020745,OTT,Erik,Karlsson,1,05:47,07:13,3,,,517,9,#BF910C,0,8474578,Ottawa Senators,4352115,OTT,115,01:26
2014020745,OTT,Erik,Karlsson,1,10:15,10:42,4,,,517,9,#BF910C,0,8474578,Ottawa Senators,4352116,OTT,122,00:27
2014020745,OTT,Erik,Karlsson,1,12:23,13:00,5,,,517,9,#BF910C,0,8474578,Ottawa Senators,4352117,OTT,128,00:37
2014020745,OTT,Erik,Karlsson,1,15:03,15:39,6,,,517,9,#BF910C,0,8474578,Ottawa Senators,4352118,OTT,133,00:36
2014020745,OTT,Erik,Karlsson,1,16:53,17:44,7,,,517,9,#BF910C,0,8474578,Ottawa Senators,4352119,OTT,138,00:51
2014020745,OTT,Erik,Karlsson,1,19:32,20:00,8,,,517,9,#BF910C,0,8474578,Ottawa Senators,4352120,OTT,145,00:28
2014020745,OTT,Erik,Karlsson,2,00:00,00:56,9,,,517,9,#BF910C,0,8474578,Ottawa Senators,4352121,OTT,146,00:56
2014020745,OTT,Erik,Karlsson,2,02:33,03:14,10,,,517,9,#BF910C,0,8474578,Ottawa Senators,4352122,OTT,303,00:41
2014020745,OTT,Erik,Karlsson,2,06:05,07:30,11,,,517,9,#BF910C,0,8474578,Ottawa Senators,4352123,OTT,312,01:25
2014020745,OTT,Erik,Karlsson,2,09:10,10:09,12,,,517,9,#BF910C,0,8474578,Ottawa Senators,4352124,OTT,319,00:59
2014020745,OTT,Erik,Karlsson,2,12:08,12:46,13,,,517,9,#BF910C,0,8474578,Ottawa Senators,4352125,OTT,325,00:38
2014020745,OTT,Erik,Karlsson,2,13:33,13:39,14,,,517,9,#BF910C,0,8474578,Ottawa Senators,4352126,OTT,327,00:06
2014020745,OTT,Erik,Karlsson,2,15:39,16:11,15,,,517,9,#BF910C,0,8474578,Ottawa Senators,4352127,OTT,335,00:32
2014020745,OTT,Erik,Karlsson,2,17:26,18:08,16,,,517,9,#BF910C,0,8474578,Ottawa Senators,4352128,OTT,340,00:42
2014020745,OTT,Erik,Karlsson,3,01:02,02:33,17,,,517,9,#BF910C,0,8474578,Ottawa Senators,4352129,OTT,348,01:31
2014020745,OTT,Erik,Karlsson,3,03:52,04:30,18,,,517,9,#BF910C,0,8474578,Ottawa Senators,4352130,OTT,412,00:38
2014020745,OTT,Erik,Karlsson,3,05:02,06:24,19,,,517,9,#BF910C,0,8474578,Ottawa Senators,4352131,OTT,414,01:22
2014020745,OTT,Erik,Karlsson,3,07:35,08:32,20,,,517,9,#BF910C,0,8474578,Ottawa Senators,4352132,OTT,420,00:57
2014020745,OTT,Erik,Karlsson,3,10:24,11:56,21,,,517,9,#BF910C,0,8474578,Ottawa Senators,4352133,OTT,428,01:32
2014020745,OTT,Erik,Karlsson,3,14:02,15:29,22,,,517,9,#BF910C,0,8474578,Ottawa Senators,4352134,OTT,436,01:27
2014020745,OTT,Erik,Karlsson,3,16:15,17:02,23,,,517,9,#BF910C,0,8474578,Ottawa Senators,4352135,OTT,440,00:47
2014020745,OTT,Erik,Karlsson,3,17:52,20:00,24,,,517,9,#BF910C,0,8474578,Ottawa Senators,4352136,OTT,443,02:08
2014020745,OTT,Patrick,Wiercioch,1,01:24,01:44,1,,,517,9,#BF910C,0,8474605,Ottawa Senators,4352137,OTT,104,00:20
2014020745,OTT,Patrick,Wiercioch,1,03:45,05:03,2,,,517,9,#BF910C,0,8474605,Ottawa Senators,4352138,OTT,111,01:18
2014020745,OTT,Patrick,Wiercioch,1,07:13,08:31,3,,,517,9,#BF910C,0,8474605,Ottawa Senators,4352139,OTT,117,01:18
2014020745,OTT,Patrick,Wiercioch,1,13:00,15:03,4,,,517,9,#BF910C,0,8474605,Ottawa Senators,4352140,OTT,130,02:03
2014020745,OTT,Patrick,Wiercioch,1,16:38,16:53,5,,,517,9,#BF910C,0,8474605,Ottawa Senators,4352141,OTT,137,00:15
2014020745,OTT,Patrick,Wiercioch,1,17:44,18:24,6,,,517,9,#BF910C,0,8474605,Ottawa Senators,4352142,OTT,141,00:40
2014020745,OTT,Patrick,Wiercioch,2,01:51,02:33,7,,,517,9,#BF910C,0,8474605,Ottawa Senators,4352143,OTT,302,00:42
2014020745,OTT,Patrick,Wiercioch,2,04:11,05:12,8,,,517,9,#BF910C,0,8474605,Ottawa Senators,4352144,OTT,307,01:01
2014020745,OTT,Patrick,Wiercioch,2,07:13,08:13,9,,,517,9,#BF910C,0,8474605,Ottawa Senators,4352145,OTT,314,01:00
2014020745,OTT,Patrick,Wiercioch,2,10:09,10:33,10,,,517,9,#BF910C,0,8474605,Ottawa Senators,4352146,OTT,321,00:24
2014020745,OTT,Patrick,Wiercioch,2,12:46,13:33,11,,,517,9,#BF910C,0,8474605,Ottawa Senators,4352147,OTT,326,00:47
2014020745,OTT,Patrick,Wiercioch,2,15:44,16:11,12,,,517,9,#BF910C,0,8474605,Ottawa Senators,4352148,OTT,336,00:27
2014020745,OTT,Patrick,Wiercioch,2,18:08,19:12,13,,,517,9,#BF910C,0,8474605,Ottawa Senators,4352149,OTT,342,01:04
2014020745,OTT,Patrick,Wiercioch,3,02:28,03:04,14,,,517,9,#BF910C,0,8474605,Ottawa Senators,4352150,OTT,406,00:36
2014020745,OTT,Patrick,Wiercioch,3,04:30,05:02,15,,,517,9,#BF910C,0,8474605,Ottawa Senators,4352151,OTT,413,00:32
2014020745,OTT,Patrick,Wiercioch,3,08:31,09:34,16,,,517,9,#BF910C,0,8474605,Ottawa Senators,4352152,OTT,423,01:03
2014020745,OTT,Patrick,Wiercioch,3,11:56,12:58,17,,,517,9,#BF910C,0,8474605,Ottawa Senators,4352153,OTT,433,01:02
2014020745,OTT,Patrick,Wiercioch,3,15:22,16:15,18,,,517,9,#BF910C,0,8474605,Ottawa Senators,4352154,OTT,438,00:53
2014020745,OTT,Patrick,Wiercioch,3,17:02,17:56,19,,,517,9,#BF910C,0,8474605,Ottawa Senators,4352155,OTT,441,00:54
2014020745,NJD,Adam,Henrique,1,01:44,02:35,1,,,517,1,#CE1126,0,8474641,New Jersey Devils,4352156,NJD,154,00:51
2014020745,NJD,Adam,Henrique,1,02:35,03:22,2,,,517,1,#CE1126,0,8474641,New Jersey Devils,4352157,NJD,156,00:47
2014020745,NJD,Adam,Henrique,1,03:58,04:44,3,,,517,1,#CE1126,0,8474641,New Jersey Devils,4352158,NJD,162,00:46
2014020745,NJD,Adam,Henrique,1,06:17,07:33,4,,,517,1,#CE1126,0,8474641,New Jersey Devils,4352159,NJD,166,01:16
2014020745,NJD,Adam,Henrique,1,10:17,10:42,5,,,517,1,#CE1126,0,8474641,New Jersey Devils,4352160,NJD,173,00:25
2014020745,NJD,Adam,Henrique,1,13:26,14:18,6,,,517,1,#CE1126,0,8474641,New Jersey Devils,4352161,NJD,181,00:52
2014020745,NJD,Adam,Henrique,1,15:39,16:37,7,,,517,1,#CE1126,0,8474641,New Jersey Devils,4352162,NJD,187,00:58
2014020745,NJD,Adam,Henrique,1,19:02,19:38,8,,,517,1,#CE1126,0,8474641,New Jersey Devils,4352163,NJD,193,00:36
2014020745,NJD,Adam,Henrique,2,12:08,12:08,0,EVG,"Marek Zidlicky, Andy Greene",505,1,#CE1126,802,8474641,New Jersey Devils,5272053,NJD,215,
2014020745,NJD,Adam,Henrique,2,00:00,02:11,9,,,517,1,#CE1126,0,8474641,New Jersey Devils,4352164,NJD,195,02:11
2014020745,NJD,Adam,Henrique,2,04:00,04:54,10,,,517,1,#CE1126,0,8474641,New Jersey Devils,4352165,NJD,352,00:54
2014020745,NJD,Adam,Henrique,2,08:18,09:37,11,,,517,1,#CE1126,0,8474641,New Jersey Devils,4352166,NJD,360,01:19
2014020745,NJD,Adam,Henrique,2,11:44,12:08,12,,,517,1,#CE1126,0,8474641,New Jersey Devils,4352167,NJD,367,00:24
2014020745,NJD,Adam,Henrique,2,15:26,16:40,13,,,517,1,#CE1126,0,8474641,New Jersey Devils,4352168,NJD,377,01:14
2014020745,NJD,Adam,Henrique,2,19:10,19:18,14,,,517,1,#CE1126,0,8474641,New Jersey Devils,4352169,NJD,385,00:08
2014020745,NJD,Adam,Henrique,3,02:26,03:04,15,,,517,1,#CE1126,0,8474641,New Jersey Devils,4352170,NJD,389,00:38
2014020745,NJD,Adam,Henrique,3,03:48,04:30,16,,,517,1,#CE1126,0,8474641,New Jersey Devils,4352171,NJD,393,00:42
2014020745,NJD,Adam,Henrique,3,05:37,06:33,17,,,517,1,#CE1126,0,8474641,New Jersey Devils,4352172,NJD,398,00:56
2014020745,NJD,Adam,Henrique,3,11:29,12:57,18,,,517,1,#CE1126,0,8474641,New Jersey Devils,4352173,NJD,509,01:28
2014020745,NJD,Adam,Henrique,3,15:07,16:15,19,,,517,1,#CE1126,0,8474641,New Jersey Devils,4352174,NJD,517,01:08
2014020745,NJD,Adam,Henrique,3,17:39,18:24,20,,,517,1,#CE1126,0,8474641,New Jersey Devils,4352175,NJD,522,00:45
2014020745,NJD,Adam,Henrique,3,19:31,20:00,21,,,517,1,#CE1126,0,8474641,New Jersey Devils,4352176,NJD,528,00:29
2014020745,OTT,Mark,Borowiecki,1,01:24,01:44,1,,,517,9,#BF910C,0,8474697,Ottawa Senators,4352177,OTT,104,00:20
2014020745,OTT,Mark,Borowiecki,1,05:03,05:47,2,,,517,9,#BF910C,0,8474697,Ottawa Senators,4352178,OTT,114,00:44
2014020745,OTT,Mark,Borowiecki,1,07:13,08:37,3,,,517,9,#BF910C,0,8474697,Ottawa Senators,4352179,OTT,117,01:24
2014020745,OTT,Mark,Borowiecki,1,10:42,11:43,4,,,517,9,#BF910C,0,8474697,Ottawa Senators,4352180,OTT,126,01:01
2014020745,OTT,Mark,Borowiecki,1,13:00,13:26,5,,,517,9,#BF910C,0,8474697,Ottawa Senators,4352181,OTT,130,00:26
2014020745,OTT,Mark,Borowiecki,1,16:29,16:53,6,,,517,9,#BF910C,0,8474697,Ottawa Senators,4352182,OTT,136,00:24
2014020745,OTT,Mark,Borowiecki,1,17:44,18:40,7,,,517,9,#BF910C,0,8474697,Ottawa Senators,4352183,OTT,141,00:56
2014020745,OTT,Mark,Borowiecki,2,01:51,02:33,8,,,517,9,#BF910C,0,8474697,Ottawa Senators,4352184,OTT,302,00:42
2014020745,OTT,Mark,Borowiecki,2,04:11,05:12,9,,,517,9,#BF910C,0,8474697,Ottawa Senators,4352185,OTT,307,01:01
2014020745,OTT,Mark,Borowiecki,2,07:30,08:13,10,,,517,9,#BF910C,0,8474697,Ottawa Senators,4352186,OTT,315,00:43
2014020745,OTT,Mark,Borowiecki,2,10:09,10:33,11,,,517,9,#BF910C,0,8474697,Ottawa Senators,4352187,OTT,321,00:24
2014020745,OTT,Mark,Borowiecki,2,12:46,13:33,12,,,517,9,#BF910C,0,8474697,Ottawa Senators,4352188,OTT,326,00:47
2014020745,OTT,Mark,Borowiecki,2,14:07,14:38,13,,,517,9,#BF910C,0,8474697,Ottawa Senators,4352189,OTT,330,00:31
2014020745,OTT,Mark,Borowiecki,2,15:20,15:44,14,,,517,9,#BF910C,0,8474697,Ottawa Senators,4352190,OTT,333,00:24
2014020745,OTT,Mark,Borowiecki,2,18:08,19:18,15,,,517,9,#BF910C,0,8474697,Ottawa Senators,4352191,OTT,342,01:10
2014020745,OTT,Mark,Borowiecki,3,02:33,03:04,16,,,517,9,#BF910C,0,8474697,Ottawa Senators,4352192,OTT,407,00:31
2014020745,OTT,Mark,Borowiecki,3,04:30,05:02,17,,,517,9,#BF910C,0,8474697,Ottawa Senators,4352193,OTT,413,00:32
2014020745,OTT,Mark,Borowiecki,3,08:32,09:34,18,,,517,9,#BF910C,0,8474697,Ottawa Senators,4352194,OTT,424,01:02
2014020745,OTT,Mark,Borowiecki,3,11:56,12:58,19,,,517,9,#BF910C,0,8474697,Ottawa Senators,4352195,OTT,433,01:02
2014020745,OTT,Mike,Hoffman,1,01:28,02:11,1,,,517,9,#BF910C,0,8474884,Ottawa Senators,4352196,OTT,105,00:43
2014020745,OTT,Mike,Hoffman,1,04:40,05:47,2,,,517,9,#BF910C,0,8474884,Ottawa Senators,4352197,OTT,113,01:07
2014020745,OTT,Mike,Hoffman,1,07:13,07:36,3,,,517,9,#BF910C,0,8474884,Ottawa Senators,4352198,OTT,117,00:23
2014020745,OTT,Mike,Hoffman,1,10:26,10:42,4,,,517,9,#BF910C,0,8474884,Ottawa Senators,4352199,OTT,124,00:16
2014020745,OTT,Mike,Hoffman,1,14:21,15:13,5,,,517,9,#BF910C,0,8474884,Ottawa Senators,4352200,OTT,132,00:52
2014020745,OTT,Mike,Hoffman,1,17:44,18:40,6,,,517,9,#BF910C,0,8474884,Ottawa Senators,4352201,OTT,141,00:56
2014020745,OTT,Mike,Hoffman,2,01:51,03:14,7,,,517,9,#BF910C,0,8474884,Ottawa Senators,4352202,OTT,302,01:23
2014020745,OTT,Mike,Hoffman,2,06:05,07:13,8,,,517,9,#BF910C,0,8474884,Ottawa Senators,4352203,OTT,312,01:08
2014020745,OTT,Mike,Hoffman,2,10:09,10:33,9,,,517,9,#BF910C,0,8474884,Ottawa Senators,4352204,OTT,321,00:24
2014020745,OTT,Mike,Hoffman,2,15:44,16:11,10,,,517,9,#BF910C,0,8474884,Ottawa Senators,4352205,OTT,336,00:27
2014020745,OTT,Mike,Hoffman,2,17:52,18:23,11,,,517,9,#BF910C,0,8474884,Ottawa Senators,4352206,OTT,341,00:31
2014020745,OTT,Mike,Hoffman,2,19:12,19:18,12,,,517,9,#BF910C,0,8474884,Ottawa Senators,4352207,OTT,344,00:06
2014020745,OTT,Mike,Hoffman,3,02:23,03:04,13,,,517,9,#BF910C,0,8474884,Ottawa Senators,4352208,OTT,405,00:41
2014020745,OTT,Mike,Hoffman,3,04:30,05:02,14,,,517,9,#BF910C,0,8474884,Ottawa Senators,4352209,OTT,413,00:32
2014020745,OTT,Mike,Hoffman,3,08:25,09:46,15,,,517,9,#BF910C,0,8474884,Ottawa Senators,4352210,OTT,422,01:21
2014020745,OTT,Mike,Hoffman,3,11:51,12:58,16,,,517,9,#BF910C,0,8474884,Ottawa Senators,4352211,OTT,432,01:07
2014020745,OTT,Mike,Hoffman,3,15:29,16:15,17,,,517,9,#BF910C,0,8474884,Ottawa Senators,4352212,OTT,439,00:46
2014020745,OTT,Mike,Hoffman,3,17:36,20:00,18,,,517,9,#BF910C,0,8474884,Ottawa Senators,4352213,OTT,442,02:24
2014020745,OTT,Jared,Cowen,1,00:46,01:24,1,,,517,9,#BF910C,0,8475174,Ottawa Senators,4352214,OTT,102,00:38
2014020745,OTT,Jared,Cowen,1,04:17,05:03,2,,,517,9,#BF910C,0,8475174,Ottawa Senators,4352215,OTT,112,00:46
2014020745,OTT,Jared,Cowen,1,08:31,10:15,3,,,517,9,#BF910C,0,8475174,Ottawa Senators,4352216,OTT,119,01:44
2014020745,OTT,Jared,Cowen,1,11:43,12:23,4,,,517,9,#BF910C,0,8475174,Ottawa Senators,4352217,OTT,127,00:40
2014020745,OTT,Jared,Cowen,1,15:39,16:38,5,,,517,9,#BF910C,0,8475174,Ottawa Senators,4352218,OTT,135,00:59
2014020745,OTT,Jared,Cowen,1,18:24,19:32,6,,,517,9,#BF910C,0,8475174,Ottawa Senators,4352219,OTT,142,01:08
2014020745,OTT,Jared,Cowen,2,00:41,01:51,7,,,517,9,#BF910C,0,8475174,Ottawa Senators,4352220,OTT,147,01:10
2014020745,OTT,Jared,Cowen,2,03:14,04:11,8,,,517,9,#BF910C,0,8475174,Ottawa Senators,4352221,OTT,305,00:57
2014020745,OTT,Jared,Cowen,2,05:12,06:05,9,,,517,9,#BF910C,0,8475174,Ottawa Senators,4352222,OTT,311,00:53
2014020745,OTT,Jared,Cowen,2,08:13,09:10,10,,,517,9,#BF910C,0,8475174,Ottawa Senators,4352223,OTT,316,00:57
2014020745,OTT,Jared,Cowen,2,10:33,12:08,11,,,517,9,#BF910C,0,8475174,Ottawa Senators,4352224,OTT,322,01:35
2014020745,OTT,Jared,Cowen,2,13:39,14:07,12,,,517,9,#BF910C,0,8475174,Ottawa Senators,4352225,OTT,328,00:28
2014020745,OTT,Jared,Cowen,2,14:38,15:20,13,,,517,9,#BF910C,0,8475174,Ottawa Senators,4352226,OTT,332,00:42
2014020745,OTT,Jared,Cowen,2,16:11,16:56,14,,,517,9,#BF910C,0,8475174,Ottawa Senators,4352227,OTT,337,00:45
2014020745,OTT,Jared,Cowen,2,19:12,20:00,15,,,517,9,#BF910C,0,8475174,Ottawa Senators,4352228,OTT,344,00:48
2014020745,OTT,Jared,Cowen,3,00:00,01:02,16,,,517,9,#BF910C,0,8475174,Ottawa Senators,4352229,OTT,346,01:02
2014020745,OTT,Jared,Cowen,3,03:04,03:52,17,,,517,9,#BF910C,0,8475174,Ottawa Senators,4352230,OTT,409,00:48
2014020745,OTT,Jared,Cowen,3,06:47,07:35,18,,,517,9,#BF910C,0,8475174,Ottawa Senators,4352231,OTT,417,00:48
2014020745,OTT,Jared,Cowen,3,09:34,10:24,19,,,517,9,#BF910C,0,8475174,Ottawa Senators,4352232,OTT,426,00:50
2014020745,OTT,Jared,Cowen,3,12:58,14:17,20,,,517,9,#BF910C,0,8475174,Ottawa Senators,4352233,OTT,434,01:19
2014020745,NJD,Jacob,Josefson,1,02:11,03:22,1,,,517,1,#CE1126,0,8475185,New Jersey Devils,4352234,NJD,155,01:11
2014020745,NJD,Jacob,Josefson,1,03:58,04:44,2,,,517,1,#CE1126,0,8475185,New Jersey Devils,4352235,NJD,162,00:46
2014020745,NJD,Jacob,Josefson,1,07:36,08:35,3,,,517,1,#CE1126,0,8475185,New Jersey Devils,4352236,NJD,168,00:59
2014020745,NJD,Jacob,Josefson,1,13:26,14:08,4,,,517,1,#CE1126,0,8475185,New Jersey Devils,4352237,NJD,181,00:42
2014020745,NJD,Jacob,Josefson,2,03:14,04:00,5,,,517,1,#CE1126,0,8475185,New Jersey Devils,4352238,NJD,351,00:46
2014020745,NJD,Jacob,Josefson,2,07:16,08:18,6,,,517,1,#CE1126,0,8475185,New Jersey Devils,4352239,NJD,359,01:02
2014020745,NJD,Jacob,Josefson,2,10:33,11:44,7,,,517,1,#CE1126,0,8475185,New Jersey Devils,4352240,NJD,366,01:11
2014020745,NJD,Jacob,Josefson,2,17:34,18:13,8,,,517,1,#CE1126,0,8475185,New Jersey Devils,4352241,NJD,380,00:39
2014020745,NJD,Jacob,Josefson,3,02:26,03:04,9,,,517,1,#CE1126,0,8475185,New Jersey Devils,4352242,NJD,389,00:38
2014020745,NJD,Jacob,Josefson,3,06:33,07:27,10,,,517,1,#CE1126,0,8475185,New Jersey Devils,4352243,NJD,399,00:54
2014020745,NJD,Jacob,Josefson,3,09:33,10:25,11,,,517,1,#CE1126,0,8475185,New Jersey Devils,4352244,NJD,504,00:52
2014020745,NJD,Jacob,Josefson,3,13:59,14:16,12,,,517,1,#CE1126,0,8475185,New Jersey Devils,4352245,NJD,514,00:17
2014020745,OTT,Robin,Lehner,1,00:00,20:00,1,,,517,9,#BF910C,0,8475215,Ottawa Senators,4352246,OTT,4,20:00
2014020745,OTT,Robin,Lehner,2,00:00,20:00,2,,,517,9,#BF910C,0,8475215,Ottawa Senators,4352247,OTT,146,20:00
2014020745,OTT,Robin,Lehner,3,00:00,18:56,3,,,517,9,#BF910C,0,8475215,Ottawa Senators,4352248,OTT,346,18:56
2014020745,NJD,Jon,Merrill,1,00:00,00:42,1,,,517,1,#CE1126,0,8475750,New Jersey Devils,4352249,NJD,3,00:42
2014020745,NJD,Jon,Merrill,1,01:44,02:11,2,,,517,1,#CE1126,0,8475750,New Jersey Devils,4352250,NJD,154,00:27
2014020745,NJD,Jon,Merrill,1,03:45,03:58,3,,,517,1,#CE1126,0,8475750,New Jersey Devils,4352251,NJD,161,00:13
2014020745,NJD,Jon,Merrill,1,04:44,05:58,4,,,517,1,#CE1126,0,8475750,New Jersey Devils,4352252,NJD,164,01:14
2014020745,NJD,Jon,Merrill,1,07:33,08:35,5,,,517,1,#CE1126,0,8475750,New Jersey Devils,4352253,NJD,167,01:02
2014020745,NJD,Jon,Merrill,1,10:21,10:42,6,,,517,1,#CE1126,0,8475750,New Jersey Devils,4352254,NJD,174,00:21
2014020745,NJD,Jon,Merrill,1,11:47,12:42,7,,,517,1,#CE1126,0,8475750,New Jersey Devils,4352255,NJD,177,00:55
2014020745,NJD,Jon,Merrill,1,13:39,14:22,8,,,517,1,#CE1126,0,8475750,New Jersey Devils,4352256,NJD,182,00:43
2014020745,NJD,Jon,Merrill,1,15:39,16:37,9,,,517,1,#CE1126,0,8475750,New Jersey Devils,4352257,NJD,187,00:58
2014020745,NJD,Jon,Merrill,1,18:54,20:00,10,,,517,1,#CE1126,0,8475750,New Jersey Devils,4352258,NJD,192,01:06
2014020745,NJD,Jon,Merrill,2,00:00,01:06,11,,,517,1,#CE1126,0,8475750,New Jersey Devils,4352259,NJD,195,01:06
2014020745,NJD,Jon,Merrill,2,03:00,04:00,12,,,517,1,#CE1126,0,8475750,New Jersey Devils,4352260,NJD,200,01:00
2014020745,NJD,Jon,Merrill,2,05:02,05:49,13,,,517,1,#CE1126,0,8475750,New Jersey Devils,4352261,NJD,354,00:47
2014020745,NJD,Jon,Merrill,2,09:18,10:17,14,,,517,1,#CE1126,0,8475750,New Jersey Devils,4352262,NJD,361,00:59
2014020745,NJD,Jon,Merrill,2,13:02,13:33,15,,,517,1,#CE1126,0,8475750,New Jersey Devils,4352263,NJD,370,00:31
2014020745,NJD,Jon,Merrill,2,14:07,15:26,16,,,517,1,#CE1126,0,8475750,New Jersey Devils,4352264,NJD,374,01:19
2014020745,NJD,Jon,Merrill,2,15:57,16:40,17,,,517,1,#CE1126,0,8475750,New Jersey Devils,4352265,NJD,378,00:43
2014020745,NJD,Jon,Merrill,2,19:18,20:00,18,,,517,1,#CE1126,0,8475750,New Jersey Devils,4352266,NJD,386,00:42
2014020745,NJD,Jon,Merrill,3,00:00,01:12,19,,,517,1,#CE1126,0,8475750,New Jersey Devils,4352267,NJD,387,01:12
2014020745,NJD,Jon,Merrill,3,02:34,03:04,20,,,517,1,#CE1126,0,8475750,New Jersey Devils,4352268,NJD,390,00:30
2014020745,NJD,Jon,Merrill,3,04:30,05:02,21,,,517,1,#CE1126,0,8475750,New Jersey Devils,4352269,NJD,395,00:32
2014020745,NJD,Jon,Merrill,3,06:33,07:27,22,,,517,1,#CE1126,0,8475750,New Jersey Devils,4352270,NJD,399,00:54
2014020745,NJD,Jon,Merrill,3,09:33,10:45,23,,,517,1,#CE1126,0,8475750,New Jersey Devils,4352271,NJD,504,01:12
2014020745,NJD,Jon,Merrill,3,12:09,13:05,24,,,517,1,#CE1126,0,8475750,New Jersey Devils,4352272,NJD,511,00:56
2014020745,NJD,Jon,Merrill,3,15:29,17:02,25,,,517,1,#CE1126,0,8475750,New Jersey Devils,4352273,NJD,519,01:33
2014020745,NJD,Jon,Merrill,3,17:49,19:02,26,,,517,1,#CE1126,0,8475750,New Jersey Devils,4352274,NJD,523,01:13
2014020745,OTT,Mark,Stone,1,00:00,00:46,1,,,517,9,#BF910C,0,8475913,Ottawa Senators,4352275,OTT,4,00:46
2014020745,OTT,Mark,Stone,1,03:26,04:40,2,,,517,9,#BF910C,0,8475913,Ottawa Senators,4352276,OTT,110,01:14
2014020745,OTT,Mark,Stone,1,06:17,07:13,3,,,517,9,#BF910C,0,8475913,Ottawa Senators,4352277,OTT,116,00:56
2014020745,OTT,Mark,Stone,1,07:36,08:31,4,,,517,9,#BF910C,0,8475913,Ottawa Senators,4352278,OTT,118,00:55
2014020745,OTT,Mark,Stone,1,09:35,10:32,5,,,517,9,#BF910C,0,8475913,Ottawa Senators,4352279,OTT,121,00:57
2014020745,OTT,Mark,Stone,1,11:43,12:23,6,,,517,9,#BF910C,0,8475913,Ottawa Senators,4352280,OTT,127,00:40
2014020745,OTT,Mark,Stone,1,15:39,16:38,7,,,517,9,#BF910C,0,8475913,Ottawa Senators,4352281,OTT,135,00:59
2014020745,OTT,Mark,Stone,1,18:35,19:32,8,,,517,9,#BF910C,0,8475913,Ottawa Senators,4352282,OTT,143,00:57
2014020745,OTT,Mark,Stone,2,00:00,00:49,9,,,517,9,#BF910C,0,8475913,Ottawa Senators,4352283,OTT,146,00:49
2014020745,OTT,Mark,Stone,2,04:00,04:55,10,,,517,9,#BF910C,0,8475913,Ottawa Senators,4352284,OTT,306,00:55
2014020745,OTT,Mark,Stone,2,08:13,09:10,11,,,517,9,#BF910C,0,8475913,Ottawa Senators,4352285,OTT,316,00:57
2014020745,OTT,Mark,Stone,2,11:45,12:46,12,,,517,9,#BF910C,0,8475913,Ottawa Senators,4352286,OTT,324,01:01
2014020745,OTT,Mark,Stone,2,14:02,14:38,13,,,517,9,#BF910C,0,8475913,Ottawa Senators,4352287,OTT,329,00:36
2014020745,OTT,Mark,Stone,2,17:06,18:08,14,,,517,9,#BF910C,0,8475913,Ottawa Senators,4352288,OTT,339,01:02
2014020745,OTT,Mark,Stone,3,03:42,04:30,15,,,517,9,#BF910C,0,8475913,Ottawa Senators,4352289,OTT,410,00:48
2014020745,OTT,Mark,Stone,3,05:37,06:24,16,,,517,9,#BF910C,0,8475913,Ottawa Senators,4352290,OTT,415,00:47
2014020745,OTT,Mark,Stone,3,09:34,10:32,17,,,517,9,#BF910C,0,8475913,Ottawa Senators,4352291,OTT,426,00:58
2014020745,OTT,Mark,Stone,3,12:58,14:02,18,,,517,9,#BF910C,0,8475913,Ottawa Senators,4352292,OTT,434,01:04
2014020745,OTT,Mark,Stone,3,16:15,17:02,19,,,517,9,#BF910C,0,8475913,Ottawa Senators,4352293,OTT,440,00:47
2014020745,OTT,Mark,Stone,3,17:36,18:53,20,,,517,9,#BF910C,0,8475913,Ottawa Senators,4352294,OTT,442,01:17
2014020745,OTT,Jean-Gabriel,Pageau,1,02:11,02:35,1,,,517,9,#BF910C,0,8476419,Ottawa Senators,4352295,OTT,107,00:24
2014020745,OTT,Jean-Gabriel,Pageau,1,04:40,05:47,2,,,517,9,#BF910C,0,8476419,Ottawa Senators,4352296,OTT,113,01:07
2014020745,OTT,Jean-Gabriel,Pageau,1,07:36,08:31,3,,,517,9,#BF910C,0,8476419,Ottawa Senators,4352297,OTT,118,00:55
2014020745,OTT,Jean-Gabriel,Pageau,1,10:42,11:43,4,,,517,9,#BF910C,0,8476419,Ottawa Senators,4352298,OTT,126,01:01
2014020745,OTT,Jean-Gabriel,Pageau,1,15:03,15:39,5,,,517,9,#BF910C,0,8476419,Ottawa Senators,4352299,OTT,133,00:36
2014020745,OTT,Jean-Gabriel,Pageau,2,03:14,04:00,6,,,517,9,#BF910C,0,8476419,Ottawa Senators,4352300,OTT,305,00:46
2014020745,OTT,Jean-Gabriel,Pageau,2,07:13,08:13,7,,,517,9,#BF910C,0,8476419,Ottawa Senators,4352301,OTT,314,01:00
2014020745,OTT,Jean-Gabriel,Pageau,2,10:33,11:37,8,,,517,9,#BF910C,0,8476419,Ottawa Senators,4352302,OTT,322,01:04
2014020745,OTT,Jean-Gabriel,Pageau,2,14:34,15:24,9,,,517,9,#BF910C,0,8476419,Ottawa Senators,4352303,OTT,331,00:50
2014020745,OTT,Jean-Gabriel,Pageau,3,02:50,03:42,10,,,517,9,#BF910C,0,8476419,Ottawa Senators,4352304,OTT,408,00:52
2014020745,OTT,Jean-Gabriel,Pageau,3,06:24,07:13,11,,,517,9,#BF910C,0,8476419,Ottawa Senators,4352305,OTT,416,00:49
2014020745,NJD,Adam,Larsson,1,00:42,01:28,1,,,517,1,#CE1126,0,8476457,New Jersey Devils,4352306,NJD,151,00:46
2014020745,NJD,Adam,Larsson,1,02:35,03:45,2,,,517,1,#CE1126,0,8476457,New Jersey Devils,4352307,NJD,156,01:10
2014020745,NJD,Adam,Larsson,1,03:58,04:44,3,,,517,1,#CE1126,0,8476457,New Jersey Devils,4352308,NJD,162,00:46
2014020745,NJD,Adam,Larsson,1,05:58,07:33,4,,,517,1,#CE1126,0,8476457,New Jersey Devils,4352309,NJD,165,01:35
2014020745,NJD,Adam,Larsson,1,09:32,10:21,5,,,517,1,#CE1126,0,8476457,New Jersey Devils,4352310,NJD,170,00:49
2014020745,NJD,Adam,Larsson,1,12:33,13:39,6,,,517,1,#CE1126,0,8476457,New Jersey Devils,4352311,NJD,179,01:06
2014020745,NJD,Adam,Larsson,1,15:15,15:39,7,,,517,1,#CE1126,0,8476457,New Jersey Devils,4352312,NJD,186,00:24
2014020745,NJD,Adam,Larsson,1,16:37,18:11,8,,,517,1,#CE1126,0,8476457,New Jersey Devils,4352313,NJD,189,01:34
2014020745,NJD,Adam,Larsson,2,00:41,01:44,9,,,517,1,#CE1126,0,8476457,New Jersey Devils,4352314,NJD,196,01:03
2014020745,NJD,Adam,Larsson,2,04:00,05:02,10,,,517,1,#CE1126,0,8476457,New Jersey Devils,4352315,NJD,352,01:02
2014020745,NJD,Adam,Larsson,2,07:16,10:17,11,,,517,1,#CE1126,0,8476457,New Jersey Devils,4352316,NJD,359,03:01
2014020745,NJD,Adam,Larsson,2,13:02,13:39,12,,,517,1,#CE1126,0,8476457,New Jersey Devils,4352317,NJD,370,00:37
2014020745,NJD,Adam,Larsson,2,15:26,15:57,13,,,517,1,#CE1126,0,8476457,New Jersey Devils,4352318,NJD,377,00:31
2014020745,NJD,Adam,Larsson,2,18:00,18:48,14,,,517,1,#CE1126,0,8476457,New Jersey Devils,4352319,NJD,381,00:48
2014020745,NJD,Adam,Larsson,3,01:12,02:43,15,,,517,1,#CE1126,0,8476457,New Jersey Devils,4352320,NJD,388,01:31
2014020745,NJD,Adam,Larsson,3,04:02,04:30,16,,,517,1,#CE1126,0,8476457,New Jersey Devils,4352321,NJD,394,00:28
2014020745,NJD,Adam,Larsson,3,05:02,05:37,17,,,517,1,#CE1126,0,8476457,New Jersey Devils,4352322,NJD,397,00:35
2014020745,NJD,Adam,Larsson,3,07:27,08:26,18,,,517,1,#CE1126,0,8476457,New Jersey Devils,4352323,NJD,400,00:59
2014020745,NJD,Adam,Larsson,3,10:45,12:09,19,,,517,1,#CE1126,0,8476457,New Jersey Devils,4352324,NJD,507,01:24
2014020745,NJD,Adam,Larsson,3,14:33,15:29,20,,,517,1,#CE1126,0,8476457,New Jersey Devils,4352325,NJD,516,00:56
2014020745,NJD,Adam,Larsson,3,17:02,17:49,21,,,517,1,#CE1126,0,8476457,New Jersey Devils,4352326,NJD,521,00:47
2014020745,NJD,Adam,Larsson,3,19:35,20:00,22,,,517,1,#CE1126,0,8476457,New Jersey Devils,4352327,NJD,529,00:25
2014020745,OTT,Mika,Zibanejad,1,00:37,01:28,1,,,517,9,#BF910C,0,8476459,Ottawa Senators,4352328,OTT,101,00:51
2014020745,OTT,Mika,Zibanejad,1,02:35,03:26,2,,,517,9,#BF910C,0,8476459,Ottawa Senators,4352329,OTT,109,00:51
2014020745,OTT,Mika,Zibanejad,1,05:47,06:17,3,,,517,9,#BF910C,0,8476459,Ottawa Senators,4352330,OTT,115,00:30
2014020745,OTT,Mika,Zibanejad,1,08:31,09:35,4,,,517,9,#BF910C,0,8476459,Ottawa Senators,4352331,OTT,119,01:04
2014020745,OTT,Mika,Zibanejad,1,13:26,14:21,5,,,517,9,#BF910C,0,8476459,Ottawa Senators,4352332,OTT,131,00:55
2014020745,OTT,Mika,Zibanejad,1,16:29,17:40,6,,,517,9,#BF910C,0,8476459,Ottawa Senators,4352333,OTT,136,01:11
2014020745,OTT,Mika,Zibanejad,1,19:32,20:00,7,,,517,9,#BF910C,0,8476459,Ottawa Senators,4352334,OTT,145,00:28
2014020745,OTT,Mika,Zibanejad,2,00:41,01:39,8,,,517,9,#BF910C,0,8476459,Ottawa Senators,4352335,OTT,147,00:58
2014020745,OTT,Mika,Zibanejad,2,04:48,06:05,9,,,517,9,#BF910C,0,8476459,Ottawa Senators,4352336,OTT,309,01:17
2014020745,OTT,Mika,Zibanejad,2,09:10,10:02,10,,,517,9,#BF910C,0,8476459,Ottawa Senators,4352337,OTT,319,00:52
2014020745,OTT,Mika,Zibanejad,2,12:46,13:39,11,,,517,9,#BF910C,0,8476459,Ottawa Senators,4352338,OTT,326,00:53
2014020745,OTT,Mika,Zibanejad,2,16:11,16:56,12,,,517,9,#BF910C,0,8476459,Ottawa Senators,4352339,OTT,337,00:45
2014020745,OTT,Mika,Zibanejad,2,18:23,19:12,13,,,517,9,#BF910C,0,8476459,Ottawa Senators,4352340,OTT,343,00:49
2014020745,OTT,Mika,Zibanejad,3,01:12,01:52,14,,,517,9,#BF910C,0,8476459,Ottawa Senators,4352341,OTT,350,00:40
2014020745,OTT,Mika,Zibanejad,3,05:02,05:37,15,,,517,9,#BF910C,0,8476459,Ottawa Senators,4352342,OTT,414,00:35
2014020745,OTT,Mika,Zibanejad,3,07:13,08:07,16,,,517,9,#BF910C,0,8476459,Ottawa Senators,4352343,OTT,418,00:54
2014020745,OTT,Mika,Zibanejad,3,10:24,11:33,17,,,517,9,#BF910C,0,8476459,Ottawa Senators,4352344,OTT,428,01:09
2014020745,OTT,Mika,Zibanejad,3,13:51,15:22,18,,,517,9,#BF910C,0,8476459,Ottawa Senators,4352345,OTT,435,01:31
2014020745,OTT,Mika,Zibanejad,3,17:02,17:36,19,,,517,9,#BF910C,0,8476459,Ottawa Senators,4352346,OTT,441,00:34
2014020745,OTT,Mika,Zibanejad,3,18:53,20:00,20,,,517,9,#BF910C,0,8476459,Ottawa Senators,4352347,OTT,446,01:07
2014020745,OTT,Cody,Ceci,1,00:46,01:24,1,,,517,9,#BF910C,0,8476879,Ottawa Senators,4352348,OTT,102,00:38
2014020745,OTT,Cody,Ceci,1,02:35,03:45,2,,,517,9,#BF910C,0,8476879,Ottawa Senators,4352349,OTT,109,01:10
2014020745,OTT,Cody,Ceci,1,05:03,05:47,3,,,517,9,#BF910C,0,8476879,Ottawa Senators,4352350,OTT,114,00:44
2014020745,OTT,Cody,Ceci,1,08:37,10:15,4,,,517,9,#BF910C,0,8476879,Ottawa Senators,4352351,OTT,120,01:38
2014020745,OTT,Cody,Ceci,1,11:43,12:23,5,,,517,9,#BF910C,0,8476879,Ottawa Senators,4352352,OTT,127,00:40
2014020745,OTT,Cody,Ceci,1,13:26,15:03,6,,,517,9,#BF910C,0,8476879,Ottawa Senators,4352353,OTT,131,01:37
2014020745,OTT,Cody,Ceci,1,15:39,16:29,7,,,517,9,#BF910C,0,8476879,Ottawa Senators,4352354,OTT,135,00:50
2014020745,OTT,Cody,Ceci,1,18:40,19:32,8,,,517,9,#BF910C,0,8476879,Ottawa Senators,4352355,OTT,144,00:52
2014020745,OTT,Cody,Ceci,2,00:56,01:51,9,,,517,9,#BF910C,0,8476879,Ottawa Senators,4352356,OTT,149,00:55
2014020745,OTT,Cody,Ceci,2,03:14,04:11,10,,,517,9,#BF910C,0,8476879,Ottawa Senators,4352357,OTT,305,00:57
2014020745,OTT,Cody,Ceci,2,05:12,06:05,11,,,517,9,#BF910C,0,8476879,Ottawa Senators,4352358,OTT,311,00:53
2014020745,OTT,Cody,Ceci,2,08:13,09:10,12,,,517,9,#BF910C,0,8476879,Ottawa Senators,4352359,OTT,316,00:57
2014020745,OTT,Cody,Ceci,2,10:33,12:08,13,,,517,9,#BF910C,0,8476879,Ottawa Senators,4352360,OTT,322,01:35
2014020745,OTT,Cody,Ceci,2,13:39,14:07,14,,,517,9,#BF910C,0,8476879,Ottawa Senators,4352361,OTT,328,00:28
2014020745,OTT,Cody,Ceci,2,14:38,15:24,15,,,517,9,#BF910C,0,8476879,Ottawa Senators,4352362,OTT,332,00:46
2014020745,OTT,Cody,Ceci,2,16:11,17:26,16,,,517,9,#BF910C,0,8476879,Ottawa Senators,4352363,OTT,337,01:15
2014020745,OTT,Cody,Ceci,2,19:18,20:00,17,,,517,9,#BF910C,0,8476879,Ottawa Senators,4352364,OTT,345,00:42
2014020745,OTT,Cody,Ceci,3,00:00,01:02,18,,,517,9,#BF910C,0,8476879,Ottawa Senators,4352365,OTT,346,01:02
2014020745,OTT,Cody,Ceci,3,03:04,03:52,19,,,517,9,#BF910C,0,8476879,Ottawa Senators,4352366,OTT,409,00:48
2014020745,OTT,Cody,Ceci,3,06:24,07:35,20,,,517,9,#BF910C,0,8476879,Ottawa Senators,4352367,OTT,416,01:11
2014020745,OTT,Cody,Ceci,3,09:34,10:24,21,,,517,9,#BF910C,0,8476879,Ottawa Senators,4352368,OTT,426,00:50
2014020745,OTT,Cody,Ceci,3,12:58,14:02,22,,,517,9,#BF910C,0,8476879,Ottawa Senators,4352369,OTT,434,01:04
2014020745,OTT,Cody,Ceci,3,15:29,16:15,23,,,517,9,#BF910C,0,8476879,Ottawa Senators,4352370,OTT,439,00:46
2014020745,OTT,Cody,Ceci,3,17:02,17:52,24,,,517,9,#BF910C,0,8476879,Ottawa Senators,4352371,OTT,441,00:50
2014020745,OTT,Curtis,Lazar,1,01:28,02:11,1,,,517,9,#BF910C,0,8477508,Ottawa Senators,4352372,OTT,105,00:43
2014020745,OTT,Curtis,Lazar,1,07:13,07:36,2,,,517,9,#BF910C,0,8477508,Ottawa Senators,4352373,OTT,117,00:23
2014020745,OTT,Curtis,Lazar,1,10:32,10:42,3,,,517,9,#BF910C,0,8477508,Ottawa Senators,4352374,OTT,125,00:10
2014020745,OTT,Curtis,Lazar,1,12:42,13:26,4,,,517,9,#BF910C,0,8477508,Ottawa Senators,4352375,OTT,129,00:44
2014020745,OTT,Curtis,Lazar,1,14:21,15:03,5,,,517,9,#BF910C,0,8477508,Ottawa Senators,4352376,OTT,132,00:42
2014020745,OTT,Curtis,Lazar,1,17:27,18:35,6,,,517,9,#BF910C,0,8477508,Ottawa Senators,4352377,OTT,139,01:08
2014020745,OTT,Curtis,Lazar,2,10:33,10:33,0,EVG,"Mike Hoffman, Mark Borowiecki",505,9,#BF910C,806,8477508,Ottawa Senators,5272052,OTT,214,
2014020745,OTT,Curtis,Lazar,2,01:44,02:57,7,,,517,9,#BF910C,0,8477508,Ottawa Senators,4352378,OTT,301,01:13
2014020745,OTT,Curtis,Lazar,2,06:17,07:13,8,,,517,9,#BF910C,0,8477508,Ottawa Senators,4352379,OTT,313,00:56
2014020745,OTT,Curtis,Lazar,2,10:09,10:33,9,,,517,9,#BF910C,0,8477508,Ottawa Senators,4352380,OTT,321,00:24
2014020745,OTT,Curtis,Lazar,2,15:24,16:11,10,,,517,9,#BF910C,0,8477508,Ottawa Senators,4352381,OTT,334,00:47
2014020745,OTT,Curtis,Lazar,2,18:08,18:23,11,,,517,9,#BF910C,0,8477508,Ottawa Senators,4352382,OTT,342,00:15
2014020745,OTT,Curtis,Lazar,3,02:18,03:04,12,,,517,9,#BF910C,0,8477508,Ottawa Senators,4352383,OTT,404,00:46
2014020745,OTT,Curtis,Lazar,3,04:30,05:02,13,,,517,9,#BF910C,0,8477508,Ottawa Senators,4352384,OTT,413,00:32
2014020745,OTT,Curtis,Lazar,3,08:25,09:34,14,,,517,9,#BF910C,0,8477508,Ottawa Senators,4352385,OTT,422,01:09
2014020745,OTT,Curtis,Lazar,3,11:56,12:58,15,,,517,9,#BF910C,0,8477508,Ottawa Senators,4352386,OTT,433,01:02
2014020745,OTT,Curtis,Lazar,3,15:29,16:15,16,,,517,9,#BF910C,0,8477508,Ottawa Senators,4352387,OTT,439,00:46
